100 150
35 57 71 61 53 68 14 19 47 19 51 94 76 92 77 30 49 53 21 16 39 33 64 73 84 53 84 97 95 98 98 29 81 13 36 33 39 25 73 75 74 70 71 16 31 97 57 60 80 44 67 73 46 20 63 77 26 89 52 89 50 11 25 81 49 95 55 89 83 95 68 77 17 41 84 83 30 61 56 54 95 88 87 75 23 95 93 95 42 89 42 33 61 46 48 42 43 85 37 24 44 85 57 94 17 17 89 78 54 83 48 80 97 68 15 33 53 19 91 64 94 90 17 75 44 76 30 92 41 49 34 40 61 78 36 83 78 37 45 47 33 30 73 42 44 91 21 22 58 30
39 14 51 51 79 57 23 84 64 34 13 55 59 12 93 93 83 43 80 89 58 27 77 45 39 84 85 49 85 57 10 98 16 54 29 64 66 67 88 56 67 54 65 41 70 40 70 93 98 85 84 78 28 46 13 67 24 25 83 13 77 92 28 62 62 94 81 64 78 48 75 79 85 56 55 38 56 88 95 56 97 34 30 40 59 87 17 89 59 58 16 24 36 33 36 30 78 38 72 47 92 89 33 11 47 99 49 91 73 51 37 33 71 53 54 65 33 95 70 78 11 37 53 58 95 90 15 56 45 89 68 62 79 47 32 38 94 71 46 35 35 20 16 19 11 25 84 56 77 91
53 83 40 33 52 63 20 36 30 64 45 24 78 49 41 47 97 30 57 85 32 52 64 45 78 93 26 36 43 22 53 45 56 28 42 28 72 87 49 84 39 74 40 96 56 60 47 73 96 98 69 69 76 18 49 14 68 84 22 46 80 87 49 87 42 64 45 74 50 98 96 31 33 69 47 24 55 94 59 19 49 36 43 13 51 71 21 79 97 69 45 30 32 16 24 90 78 62 95 86 34 41 51 89 12 80 47 52 45 73 26 16 72 78 92 33 42 35 81 83 60 72 53 55 91 23 74 46 59 87 98 42 65 57 75 24 20 79 11 47 44 23 77 84 29 25 14 96 96 49
88 64 61 93 80 30 17 80 67 22 69 15 65 34 29 56 85 40 92 20 11 16 52 20 12 13 95 91 86 43 77 73 59 66 43 11 64 80 78 87 25 21 84 66 14 97 40 66 28 40 22 37 63 21 49 86 74 69 45 95 23 53 77 83 23 83 14 83 50 79 91 66 57 16 57 68 24 58 62 66 35 88 17 49 90 42 32 42 74 39 19 80 89 67 67 77 13 56 91 37 48 63 44 23 30 81 63 71 18 12 19 31 32 85 56 72 66 90 96 65 24 17 43 54 22 23 31 35 12 65 43 14 62 12 32 12 43 42 73 61 81 68 19 96 66 27 78 91 82 92
60 96 27 86 57 48 92 96 40 13 87 52 17 50 31 38 95 40 89 72 65 86 62 67 93 36 58 35 75 29 95 96 77 21 25 93 24 81 24 72 75 44 73 51 52 80 65 79 91 81 45 29 84 19 23 35 43 26 80 42 81 84 36 20 25 12 29 49 95 70 33 31 37 45 12 56 43 83 40 44 65 66 11 21 92 80 18 46 75 50 83 45 35 35 40 63 90 98 32 79 76 19 54 98 40 46 49 29 15 75 93 24 83 76 87 25 38 63 57 75 70 19 83 53 62 62 23 92 86 96 88 54 65 23 91 37 75 64 59 29 87 19 64 34 95 45 32 33 55 67
39 77 24 77 87 64 37 59 38 72 94 19 16 42 31 64 36 62 51 37 29 30 47 92 45 26 65 42 66 20 64 18 69 77 73 79 90 30 98 86 43 66 96 35 79 88 66 72 95 57 23 89 39 84 96 19 38 24 64 59 62 93 65 98 96 93 89 97 35 35 73 62 81 59 81 35 74 69 19 94 59 66 53 51 81 32 41 53 71 18 58 91 84 15 27 75 72 43 67 26 65 58 85 25 19 73 54 78 73 11 50 82 44 33 36 13 58 96 73 89 96 54 42 54 40 84 68 25 42 41 77 98 56 77 48 49 35 65 17 63 59 68 10 62 45 62 33 32 18 76
19 28 83 65 61 59 58 54 54 90 36 10 82 59 41 25 83 66 73 69 61 19 65 71 17 94 75 20 56 74 16 84 55 74 73 92 37 60 76 67 75 22 48 14 79 37 43 26 67 55 55 19 87 25 46 98 43 17 55 82 76 61 89 93 87 44 91 87 84 10 84 51 64 88 76 73 34 92 34 85 24 83 35 59 12 47 31 80 20 37 16 17 17 86 85 37 90 32 92 93 42 18 40 10 94 54 59 47 71 97 29 58 95 35 20 99 36 41 49 76 27 44 84 34 14 70 86 33 76 56 86 96 55 38 64 62 60 99 56 18 85 90 47 47 95 26 76 89 75 12
70 69 66 25 71 76 27 11 50 26 86 35 31 55 15 98 76 15 86 67 51 53 38 31 33 65 20 58 59 22 59 99 35 48 67 25 60 77 20 30 74 42 20 56 97 65 49 40 19 65 45 92 25 32 68 58 29 63 35 60 37 32 25 89 62 12 75 29 96 84 42 90 67 17 85 65 83 67 57 46 81 23 21 69 33 31 91 76 89 57 76 87 51 65 39 70 33 76 17 51 46 42 45 81 40 83 87 12 80 21 52 66 14 68 93 34 14 86 68 82 29 77 39 84 55 32 31 55 11 51 53 51 43 68 72 24 93 69 33 30 11 14 13 27 84 38 66 89 25 78
38 80 82 24 58 97 96 21 29 39 75 68 95 73 44 89 43 55 97 47 66 51 21 82 47 95 27 68 34 43 27 67 69 58 89 44 95 97 61 39 65 66 86 41 48 85 25 67 16 76 52 51 98 48 11 96 49 18 90 70 97 44 29 43 52 76 20 94 68 78 37 28 78 55 91 92 22 75 92 12 54 82 98 65 86 48 54 50 41 43 49 38 88 42 84 77 65 84 34 45 69 15 43 50 65 67 71 53 92 52 16 32 20 66 28 41 68 44 17 32 85 73 97 41 11 15 88 50 62 99 81 17 12 23 60 39 17 29 39 32 97 61 86 30 18 91 33 47 75 82
80 29 75 56 88 24 14 44 58 33 94 61 88 11 71 12 21 91 22 76 75 90 51 11 40 61 64 79 98 62 37 21 92 33 91 73 15 17 11 56 31 79 39 22 59 26 27 46 14 49 50 13 19 28 67 77 20 10 75 11 14 43 36 71 52 74 93 15 46 30 34 65 50 29 22 71 53 58 30 73 78 28 38 29 16 10 30 16 59 78 92 41 12 51 80 21 56 68 80 63 29 81 16 88 64 62 41 88 64 28 91 55 42 94 88 63 15 71 28 24 94 54 89 97 29 14 85 17 42 52 17 19 27 49 44 50 94 98 50 48 20 74 11 23 87 14 36 80 21 83
61 91 18 32 67 34 84 14 55 94 19 16 14 62 71 69 55 80 70 71 53 68 26 99 12 28 74 37 86 45 92 14 17 29 75 23 59 78 34 58 99 27 22 78 52 37 32 51 77 58 40 80 62 32 43 94 46 49 79 98 18 22 19 15 38 97 81 20 81 86 88 16 66 95 51 56 60 15 91 50 40 77 15 46 13 43 98 42 47 53 27 95 15 82 62 71 68 42 42 73 60 78 78 70 21 89 32 87 53 87 45 40 92 27 54 75 91 91 85 90 53 71 62 85 75 55 64 52 80 19 70 31 21 79 48 64 93 70 65 47 32 92 13 26 49 34 88 21 81 27
55 44 33 41 87 30 23 70 16 56 45 35 85 93 44 96 13 86 62 27 34 80 28 58 97 32 67 22 49 79 98 68 47 53 37 20 29 28 29 50 64 56 88 45 99 31 20 30 38 17 28 58 45 52 13 79 32 64 52 23 21 90 38 51 43 29 41 42 82 31 45 48 49 17 67 18 61 69 43 30 12 81 31 67 76 59 99 23 41 45 65 27 57 98 72 90 51 93 39 56 14 84 70 69 84 53 39 77 70 35 83 98 87 96 79 76 89 67 17 86 67 30 79 73 21 72 90 41 63 77 13 36 62 45 98 98 19 22 18 75 28 34 26 55 70 23 77 70 93 26
97 36 59 80 73 21 73 18 82 74 69 48 18 42 96 13 87 71 11 65 70 80 56 42 31 44 87 35 60 82 57 17 65 53 68 74 39 67 88 66 97 99 45 17 61 93 44 32 59 47 50 46 63 89 37 98 10 63 22 23 64 37 12 34 38 50 15 64 55 76 75 69 35 71 95 78 51 86 67 15 54 95 36 92 66 61 88 10 59 65 24 49 83 84 54 48 66 72 79 94 90 85 16 37 32 54 94 67 73 35 39 24 68 90 46 84 74 79 72 13 79 35 55 45 29 85 68 87 59 91 59 26 76 31 84 93 36 26 34 12 18 21 83 79 97 40 55 27 40 77
48 26 83 65 18 51 33 94 94 76 62 63 60 16 13 34 61 69 84 54 92 48 13 71 42 32 73 52 64 53 93 32 84 54 25 40 43 83 62 29 60 58 67 72 93 77 66 21 15 92 70 77 98 54 90 48 69 61 31 85 21 22 89 35 48 20 44 17 11 31 37 24 10 95 92 59 51 27 66 97 57 29 17 81 12 56 15 44 19 42 96 74 41 80 62 97 23 96 99 63 87 61 94 98 65 42 50 64 57 64 37 93 73 33 89 46 41 92 82 86 64 66 71 69 24 40 78 48 83 62 34 48 97 84 31 22 34 46 67 98 16 87 24 24 14 96 10 87 59 63
65 72 10 88 56 48 77 14 88 81 21 89 79 56 40 21 49 41 57 35 29 69 24 15 34 28 55 78 50 77 32 11 93 89 86 81 64 12 26 55 67 11 26 78 33 57 77 76 34 57 13 45 19 25 76 36 52 92 38 23 87 31 39 67 88 57 62 59 27 28 13 85 49 83 18 91 69 33 33 52 26 58 27 87 60 76 72 86 62 60 26 77 30 55 39 63 72 41 15 46 80 87 81 40 37 55 57 20 97 79 29 84 65 74 59 86 36 38 47 83 11 57 54 16 76 82 45 59 38 30 81 84 71 65 72 32 36 19 38 28 10 82 68 48 87 93 78 76 79 53
26 24 89 19 23 59 30 14 98 59 78 79 78 42 14 16 45 98 95 67 21 66 76 37 92 39 19 82 64 45 58 61 34 22 37 30 51 53 36 85 54 73 19 88 37 18 30 42 28 97 36 62 17 50 70 60 94 47 22 53 36 81 97 84 50 39 57 32 31 96 86 36 15 71 47 28 96 83 88 64 47 98 51 65 23 89 62 34 82 30 68 68 45 80 83 84 46 23 90 21 15 81 71 61 69 67 69 79 40 83 94 38 23 43 32 77 27 66 85 23 90 80 30 34 96 34 23 62 24 87 35 40 68 76 11 14 28 63 26 95 24 77 32 85 21 36 44 18 72 93
60 53 51 32 24 21 31 96 76 38 62 88 97 76 47 98 61 73 53 75 75 32 35 72 16 92 66 72 93 56 44 31 88 26 13 58 10 48 10 66 36 21 80 52 78 82 65 11 64 81 74 36 30 31 82 40 55 41 21 13 46 62 92 26 42 62 10 80 33 17 64 90 29 24 33 41 78 70 44 25 84 15 60 48 94 92 64 27 52 53 43 57 68 70 35 14 58 60 22 16 88 11 71 55 65 84 28 87 24 65 72 95 45 23 82 85 22 84 70 19 21 78 72 51 30 34 18 34 83 26 42 86 33 57 26 64 84 62 34 56 25 67 18 86 13 34 32 24 59 96
77 14 63 88 74 17 64 50 59 77 45 99 95 59 87 25 43 43 21 20 43 76 47 70 62 50 64 24 17 52 58 79 77 99 62 53 54 80 93 81 78 66 77 13 29 38 71 76 69 17 36 16 88 35 68 59 77 76 77 95 73 57 52 26 57 42 47 84 82 97 27 41 84 90 23 78 38 24 55 32 40 63 72 31 33 95 12 62 40 80 11 87 30 92 48 20 73 47 29 74 67 94 37 61 11 11 62 52 92 14 49 18 31 72 27 31 57 89 79 84 81 49 28 36 94 48 46 64 32 54 66 77 39 88 23 50 11 16 77 92 15 84 63 85 75 95 24 65 70 63
72 87 82 18 70 76 35 98 71 51 58 66 60 26 69 80 94 35 35 64 42 14 29 45 72 88 87 94 56 89 67 17 14 66 68 40 59 47 86 51 32 89 23 52 96 28 88 89 36 89 25 26 12 72 59 52 76 40 12 27 44 86 31 45 49 96 71 74 69 50 79 89 80 65 34 95 71 23 97 63 38 80 57 33 77 19 41 35 41 62 90 29 48 91 72 81 52 20 66 28 22 30 30 87 21 95 40 39 91 66 12 89 42 79 12 69 35 53 21 23 98 59 20 65 23 79 49 50 96 67 46 42 94 85 68 60 31 69 39 78 88 34 77 36 92 49 49 59 32 65
22 83 28 83 96 62 41 75 47 52 21 40 56 81 88 71 64 76 29 70 93 51 86 12 84 87 67 40 14 72 97 61 72 67 77 94 95 96 38 73 76 94 39 11 60 61 11 89 35 42 16 38 45 19 34 32 33 80 44 35 47 67 92 28 26 34 28 86 72 70 62 48 39 90 99 11 24 97 57 71 25 49 35 73 10 30 47 59 17 85 29 34 83 61 65 34 14 54 63 67 14 94 25 77 34 63 94 92 11 62 16 41 49 23 36 93 72 62 78 92 91 19 56 12 98 52 50 43 86 44 90 20 13 58 38 52 70 86 15 19 30 42 57 68 53 41 61 30 62 59
77 64 15 63 36 38 36 90 47 55 48 77 76 66 77 21 92 56 46 27 20 19 68 57 98 41 21 72 42 48 15 32 82 24 79 88 96 43 96 11 28 76 48 34 68 21 26 90 60 52 61 92 88 11 33 85 26 83 99 18 57 58 12 75 33 23 99 86 73 64 41 43 41 11 39 66 23 96 43 73 99 42 64 24 32 80 57 57 28 45 70 19 14 37 98 73 71 39 36 53 45 68 94 27 72 48 48 37 86 63 92 38 36 86 24 49 60 26 66 93 66 12 43 88 67 52 44 12 42 74 15 52 50 28 21 67 51 98 24 86 16 16 77 34 42 31 43 80 67 26
41 20 63 30 47 82 83 40 45 97 87 47 81 81 83 43 38 83 44 28 16 67 45 80 22 22 37 27 84 15 15 70 54 23 24 91 41 72 75 10 28 68 62 66 16 22 47 67 80 44 20 64 95 60 22 95 56 66 16 75 71 62 84 15 49 95 37 80 23 39 83 95 85 57 73 99 56 81 68 79 58 52 80 72 39 39 42 86 71 45 43 30 30 66 84 95 74 80 95 65 98 25 14 35 35 38 94 36 48 20 95 21 15 76 93 51 62 64 33 62 54 82 28 87 53 75 31 52 17 41 29 65 37 25 96 37 15 22 79 17 77 26 40 77 73 96 24 50 64 71
69 79 35 81 64 71 12 25 44 36 22 79 78 70 80 35 82 14 44 76 54 67 36 55 94 78 74 53 20 70 25 53 29 66 29 35 96 20 87 89 43 37 37 99 86 78 92 64 74 74 44 97 55 73 95 63 79 40 44 14 67 65 29 63 73 67 72 32 45 16 53 19 70 95 63 20 14 18 58 66 13 26 57 82 76 56 41 98 31 57 69 26 41 95 16 37 21 68 88 38 13 70 14 46 35 32 71 79 32 49 58 45 98 94 42 38 87 68 57 99 46 25 12 65 50 85 90 90 48 77 82 30 44 20 58 30 81 55 78 51 28 77 92 20 70 87 52 15 44 93
33 40 95 96 51 44 65 53 71 70 87 49 13 41 77 15 95 77 91 11 72 92 36 92 88 28 86 12 34 12 56 22 53 43 46 90 74 15 86 68 78 26 13 94 99 42 36 56 26 20 93 64 14 32 96 21 19 49 63 93 42 66 87 97 30 83 30 53 97 85 32 56 89 50 86 47 44 12 29 26 27 48 97 77 81 84 24 59 19 30 85 74 94 22 20 69 71 49 16 30 92 34 38 59 92 65 86 49 84 49 70 91 56 95 20 31 92 53 90 97 36 10 43 89 46 79 32 16 66 94 42 22 45 59 66 77 13 20 90 67 95 33 24 97 82 36 76 89 39 58
33 37 50 77 98 99 88 22 28 56 12 67 68 32 89 52 57 24 32 69 49 53 12 45 16 58 37 13 59 83 92 73 15 45 99 13 39 64 58 42 27 48 66 98 66 90 86 45 72 92 39 79 63 49 42 42 19 86 58 93 81 91 85 81 86 36 45 10 36 57 20 74 61 32 66 50 96 30 26 65 65 34 16 69 12 79 71 41 27 69 86 75 11 97 27 75 28 90 72 67 66 62 89 27 45 24 52 12 29 19 55 31 57 19 23 79 40 80 30 75 17 88 75 93 35 65 18 29 16 97 77 92 84 66 48 42 88 33 73 44 69 20 78 85 46 13 22 66 38 64
90 65 51 16 73 62 16 31 53 80 94 68 55 66 56 25 78 90 23 28 85 66 75 69 57 15 33 10 64 29 35 74 52 82 89 50 11 23 76 51 57 64 70 93 14 27 36 13 75 78 76 67 65 83 50 15 98 84 67 27 28 28 38 92 49 55 13 18 60 44 91 39 22 90 21 21 15 12 76 22 47 82 54 97 20 54 60 46 39 41 48 92 98 39 84 79 67 98 74 41 81 79 93 76 86 29 51 84 24 55 29 33 96 35 22 18 66 56 16 99 57 59 96 21 35 98 78 91 50 37 47 62 41 85 84 38 17 38 10 49 50 94 40 88 88 43 20 85 84 90
66 93 90 89 79 14 94 18 26 50 45 88 21 77 46 42 52 53 41 32 24 81 35 22 77 28 97 82 89 88 17 40 74 50 64 63 87 11 80 52 12 49 42 27 43 70 31 61 73 22 55 56 16 14 22 41 52 36 92 40 18 27 62 96 80 19 77 33 38 91 17 30 29 35 83 57 96 42 17 46 38 37 50 12 83 43 53 28 96 51 94 57 43 95 87 28 14 75 72 78 68 40 17 42 96 88 56 71 89 27 80 26 29 13 12 11 21 39 50 15 71 42 99 31 46 13 37 37 51 25 87 32 80 39 57 11 37 76 93 40 48 38 68 30 13 87 95 59 80 12
94 68 53 73 54 20 19 47 32 43 91 84 40 44 33 12 47 11 11 25 47 28 33 72 52 79 51 55 49 54 11 23 58 37 53 85 85 49 85 69 74 75 11 56 43 63 85 22 39 37 95 54 17 77 76 43 22 68 87 75 13 74 43 75 83 86 39 93 88 29 89 13 13 94 29 58 22 42 65 75 12 90 68 39 94 41 51 90 39 80 55 63 49 12 97 41 47 42 12 97 33 93 57 29 91 73 89 38 25 91 37 36 65 63 35 12 56 54 22 40 56 82 10 25 68 63 72 64 55 81 12 12 99 98 79 50 82 55 96 62 13 28 35 76 97 73 90 66 45 41
17 18 58 20 83 39 62 54 45 44 32 68 48 30 19 73 18 38 63 67 89 50 64 98 33 52 64 59 96 66 82 50 93 77 21 98 53 78 90 98 65 38 37 62 12 37 67 22 39 17 46 59 37 91 62 89 26 53 65 60 45 93 70 82 15 54 39 81 44 65 65 46 90 92 71 84 73 31 92 19 13 54 63 87 70 72 28 58 34 91 66 20 57 33 41 39 74 34 96 43 22 79 71 65 44 32 40 17 75 26 68 68 76 24 56 62 33 61 91 88 32 32 48 97 34 48 59 13 46 30 29 36 60 45 88 10 17 70 89 69 78 39 22 35 11 50 70 43 31 73
33 21 30 49 85 70 14 48 51 62 56 91 96 52 76 43 24 94 43 74 53 91 12 16 13 42 77 11 63 78 63 90 48 94 92 57 90 97 34 63 51 19 17 34 51 11 67 21 46 77 97 53 69 74 14 38 60 61 65 62 16 33 60 52 56 94 95 26 17 42 57 77 62 28 14 46 16 89 32 56 93 57 91 58 90 50 34 50 82 11 33 68 28 23 99 92 34 79 55 85 76 54 55 82 58 25 49 31 15 72 60 63 62 28 26 76 11 22 80 38 15 32 45 93 90 55 82 76 91 20 44 16 35 16 92 52 78 93 85 52 93 60 12 13 89 13 63 65 36 11
28 67 10 75 91 12 40 12 16 13 58 35 38 85 80 14 90 77 98 66 26 89 17 29 48 44 40 92 21 59 16 73 78 24 49 41 58 60 85 95 25 11 34 70 37 21 90 60 94 62 21 43 95 32 23 81 41 80 65 46 66 54 21 37 40 59 23 46 17 97 56 68 56 47 54 10 76 26 17 47 87 22 23 79 14 62 73 60 70 14 87 86 48 47 29 52 54 24 17 53 37 81 47 15 83 18 14 28 25 48 68 49 65 73 12 20 30 21 71 92 35 17 58 97 13 74 52 80 76 77 58 44 65 40 71 65 23 83 67 31 75 53 88 49 27 34 49 57 48 50
73 22 97 24 47 77 19 75 41 81 97 96 84 12 75 81 84 31 69 49 94 14 81 62 34 59 50 44 66 52 41 63 23 94 94 80 60 37 19 13 68 40 85 93 58 18 22 51 84 64 82 23 87 12 57 90 50 17 36 50 61 17 20 25 39 13 63 17 87 81 34 39 85 41 63 90 26 36 97 60 42 85 49 42 27 15 11 34 28 23 61 60 35 27 42 31 42 75 78 34 87 49 56 70 54 45 14 13 50 93 58 14 75 84 27 18 85 40 75 30 22 83 26 97 66 81 22 81 66 22 55 90 78 66 72 43 68 12 84 64 82 19 93 74 95 46 41 48 82 95
86 39 36 88 97 57 85 86 90 46 14 17 43 50 46 91 81 52 27 45 38 73 44 93 64 32 19 55 77 80 63 48 34 24 45 16 96 88 95 75 19 16 13 67 48 91 73 37 59 57 92 53 33 32 78 83 42 68 35 54 58 10 73 98 32 79 87 99 22 38 47 97 93 87 60 32 54 56 12 34 22 99 75 95 90 60 42 54 36 54 96 96 82 40 32 17 36 60 71 79 52 77 67 83 96 42 55 18 84 29 33 59 17 72 66 43 92 23 16 96 53 14 27 63 33 35 30 34 89 84 66 67 47 98 45 77 81 33 32 10 62 82 20 85 58 85 16 43 15 96
62 74 52 55 58 26 44 66 47 67 79 66 31 59 75 13 98 93 57 32 58 73 47 71 78 39 86 74 97 92 37 66 67 85 42 78 28 53 49 23 30 74 85 83 76 32 33 35 61 93 40 26 62 33 81 93 56 19 74 27 97 82 15 11 67 96 98 86 36 18 55 38 28 72 62 39 57 61 23 73 55 38 24 29 21 80 56 16 42 71 92 17 12 62 54 13 26 69 94 60 77 34 29 76 27 59 58 41 57 80 79 18 32 75 46 98 63 90 91 37 78 91 10 46 78 75 73 68 26 22 45 77 93 84 80 23 50 36 76 93 91 96 94 41 37 42 85 31 36 57
14 57 63 27 83 29 37 96 89 28 64 10 67 91 76 25 70 84 71 23 79 38 77 30 46 98 64 26 79 16 23 67 71 58 87 97 49 59 60 33 68 68 44 65 52 58 49 62 84 71 57 53 93 45 57 39 70 91 90 43 73 93 27 36 58 18 74 50 36 49 16 97 92 81 96 39 62 94 39 34 35 80 71 12 81 64 60 46 29 52 30 80 82 95 12 26 59 23 32 45 32 24 66 73 90 25 79 18 45 71 71 64 11 17 74 68 86 27 73 68 30 15 94 14 97 28 66 18 96 59 40 61 70 98 45 44 60 60 75 21 37 86 86 97 89 69 59 16 53 20
72 15 30 22 88 33 28 17 71 86 17 72 26 57 39 45 86 61 27 26 57 21 64 87 11 95 28 84 74 39 95 91 96 59 38 86 93 72 46 62 42 78 28 72 83 87 37 79 52 46 82 60 19 53 16 45 73 27 83 13 78 58 64 61 30 40 62 76 59 34 98 32 20 56 21 35 38 55 13 94 34 43 35 80 59 38 70 81 36 44 32 44 66 20 89 60 67 41 95 42 15 70 48 72 92 34 19 70 43 52 30 48 66 85 21 70 82 51 44 92 67 20 82 30 55 13 80 43 79 33 48 26 29 62 77 24 13 97 95 75 18 23 57 56 61 71 14 29 59 19
68 81 17 37 99 40 39 76 61 83 94 81 53 95 21 90 21 88 54 17 41 91 17 72 94 10 90 25 41 83 76 77 31 67 88 80 51 38 88 89 92 96 98 33 54 41 59 96 88 63 39 55 43 62 87 16 53 62 13 21 39 67 70 28 93 41 20 96 64 71 78 21 62 68 39 63 65 46 59 39 84 59 12 11 17 63 39 96 46 49 18 60 66 71 56 47 87 33 90 59 50 63 22 89 24 12 52 32 38 65 24 69 74 26 95 85 75 18 94 44 62 53 18 30 80 17 26 46 75 59 47 36 86 96 80 72 66 92 32 15 81 71 31 34 26 21 75 32 71 60
48 11 40 20 25 93 68 62 72 71 72 84 65 67 70 72 48 65 33 76 69 74 20 26 13 50 96 64 30 72 35 54 29 28 74 54 84 89 30 91 54 38 68 23 86 20 14 70 10 31 90 74 96 85 94 76 23 64 75 35 52 53 89 45 80 47 30 65 26 38 84 76 24 66 74 55 24 40 37 83 61 58 57 66 50 32 59 41 43 93 95 52 39 18 48 77 11 86 74 48 24 68 14 94 53 45 77 60 17 89 89 60 46 58 47 21 58 39 97 28 45 21 55 44 91 33 24 39 51 22 62 68 60 39 56 40 35 72 34 79 29 32 55 40 14 88 25 95 70 11
36 59 36 64 73 10 88 21 55 77 60 78 72 77 31 30 73 78 37 34 73 68 63 97 20 83 41 42 45 59 21 34 65 36 89 20 13 27 43 38 78 79 18 11 51 61 30 29 60 37 46 83 35 45 42 20 19 12 32 67 61 11 28 77 55 48 24 34 92 83 53 68 71 20 61 98 44 91 39 93 78 14 59 72 14 93 95 38 81 37 94 95 57 94 55 16 58 97 37 81 70 31 77 61 88 85 46 16 94 56 53 28 36 73 69 86 13 48 75 19 46 70 55 40 89 48 35 20 60 83 72 39 37 90 25 81 65 57 50 75 82 92 91 10 83 14 24 42 22 66
13 60 52 45 59 89 24 62 34 46 76 24 21 73 29 21 67 64 39 37 21 33 25 97 53 49 72 16 95 96 50 54 67 21 30 44 51 90 49 31 17 76 16 38 76 16 50 56 98 79 35 64 76 21 60 71 94 62 64 11 80 76 51 49 93 32 56 12 54 85 34 23 13 42 69 80 27 16 12 19 27 74 78 32 71 70 21 28 78 69 38 49 66 54 69 24 78 26 71 79 81 69 11 39 25 79 41 54 80 39 55 96 14 82 67 52 43 56 12 76 85 97 58 90 27 62 18 49 35 61 11 39 81 24 40 23 78 83 53 33 62 75 13 16 13 97 84 24 74 84
30 33 48 44 57 56 57 29 78 14 24 83 60 68 42 28 71 51 85 68 49 91 70 28 24 62 82 67 24 30 50 34 16 34 78 99 31 59 84 82 52 93 97 69 79 44 26 78 56 49 62 98 25 20 20 25 86 86 43 91 45 46 43 27 22 70 34 57 28 17 32 43 63 81 20 27 81 29 32 44 57 42 49 52 60 69 85 20 15 47 97 68 18 20 10 50 50 31 26 43 62 10 69 39 94 59 17 54 19 33 13 48 59 36 69 25 73 12 74 23 86 74 38 12 76 69 80 41 73 84 54 37 86 13 16 67 97 54 71 41 44 73 48 49 46 86 28 94 98 13
97 93 28 18 89 25 66 62 27 57 31 27 69 69 75 84 80 67 77 16 92 77 77 90 76 16 34 80 51 42 81 85 78 91 78 66 30 71 57 11 18 63 59 21 67 82 94 73 16 90 56 30 23 44 68 22 48 43 91 86 22 29 56 51 89 89 52 13 34 31 78 28 69 88 14 23 67 73 60 73 48 79 62 49 61 67 57 16 30 40 57 89 26 39 30 24 33 42 61 88 72 52 71 62 83 93 56 59 97 48 43 98 30 26 50 93 56 35 14 92 72 53 84 72 94 79 42 79 75 52 18 23 78 15 86 27 81 81 63 78 34 70 21 84 74 22 78 10 39 47
10 25 71 36 33 95 92 39 72 64 67 47 55 45 24 48 75 97 74 40 98 58 79 69 52 86 14 52 74 44 23 54 23 75 24 41 57 37 52 48 36 53 72 16 17 59 10 43 82 55 95 10 56 65 65 56 87 22 45 54 81 33 32 19 65 94 97 21 27 91 63 76 35 82 81 20 58 34 16 98 61 84 39 25 50 73 74 66 25 46 96 77 45 24 34 87 40 48 73 13 62 17 51 30 27 83 55 90 32 11 36 10 72 28 81 84 41 26 55 37 27 63 67 23 73 30 57 39 19 60 63 68 69 67 96 36 21 37 64 95 50 91 68 23 54 16 21 53 38 70
25 62 78 67 80 48 64 16 58 47 42 85 71 10 85 34 28 21 29 65 75 87 21 47 57 52 65 54 76 44 78 26 77 54 62 66 92 91 56 38 88 26 84 61 35 39 18 86 43 27 99 50 38 77 99 32 48 17 47 76 74 89 73 58 18 47 87 60 96 62 81 43 41 44 20 44 62 96 26 64 72 68 32 64 60 20 72 14 28 34 98 80 82 80 66 77 84 74 80 82 24 55 29 91 60 35 56 28 84 23 41 40 76 46 36 88 79 42 51 44 11 64 11 58 67 26 28 86 43 35 21 68 27 65 34 40 97 27 31 58 48 88 73 76 11 22 93 82 62 87
38 90 56 81 18 66 12 28 90 59 17 41 62 75 80 26 84 88 43 28 11 72 27 74 28 45 37 54 30 13 18 53 63 27 91 29 24 86 78 32 42 56 43 87 91 39 52 83 26 89 68 87 25 87 55 26 79 43 38 45 81 19 93 69 45 76 76 48 26 66 73 78 14 23 13 50 36 24 28 19 68 57 13 14 48 61 31 66 14 37 80 46 34 22 36 58 80 59 69 84 29 75 12 18 95 94 94 76 37 29 38 31 72 30 47 15 89 78 97 28 93 16 84 19 74 39 19 99 77 47 28 93 50 72 30 30 62 79 99 23 91 20 85 56 24 88 32 86 19 84
58 70 48 92 24 81 50 25 87 52 71 71 13 41 85 96 66 87 79 43 14 32 14 42 98 33 66 21 80 14 29 73 61 31 53 85 12 83 21 18 16 52 28 90 34 61 44 23 65 46 65 33 65 68 40 73 61 46 92 94 47 55 67 78 53 94 50 14 86 98 25 87 72 44 40 22 41 22 16 87 42 33 15 36 99 31 72 10 49 28 22 52 71 95 71 55 79 41 48 89 11 38 54 61 68 95 71 33 49 51 73 86 70 87 82 17 69 42 48 31 31 69 36 18 77 49 72 53 90 68 24 58 73 70 25 17 70 62 87 35 20 34 49 41 80 64 26 91 18 66
65 51 62 35 84 56 73 83 13 89 95 35 76 71 73 31 25 79 58 74 34 15 19 19 29 56 74 36 14 98 62 90 45 53 28 46 15 91 98 64 94 32 19 16 59 58 90 92 10 78 76 26 28 59 95 62 51 52 47 76 55 47 29 58 46 81 55 35 48 19 45 29 88 40 11 80 55 19 24 65 84 53 68 15 66 55 72 65 40 62 18 75 65 43 54 34 45 40 18 19 17 41 18 50 58 14 75 26 93 23 66 16 93 47 40 31 27 22 92 30 14 34 40 85 93 97 21 94 39 49 58 50 97 57 55 81 50 24 69 48 88 15 67 97 15 94 51 38 53 16
92 89 36 31 39 46 38 33 81 63 90 96 34 20 74 85 29 42 14 95 76 35 62 97 36 31 94 84 80 84 40 18 91 10 28 46 55 65 26 24 31 75 93 67 81 30 47 82 87 53 53 24 77 11 54 47 46 86 60 58 39 93 87 44 57 73 55 16 19 52 59 36 84 90 50 74 17 98 18 69 84 19 58 82 41 47 72 81 66 41 60 83 93 94 24 16 57 75 98 94 69 20 93 89 12 74 75 51 17 66 78 14 32 82 45 58 17 34 48 25 59 58 81 61 48 56 64 25 16 14 92 86 89 64 45 22 57 57 14 19 24 78 60 67 60 34 17 37 88 49
84 95 10 94 48 87 38 57 88 82 81 92 19 23 64 88 95 67 44 11 34 84 98 71 48 83 83 42 65 13 95 31 17 16 13 14 87 55 72 98 88 12 19 74 12 59 13 90 35 96 78 72 37 34 22 98 19 76 19 89 15 60 65 60 73 43 80 41 26 30 39 93 92 76 98 38 45 88 38 47 85 30 72 63 55 94 46 75 71 20 64 31 27 55 39 93 92 59 22 36 27 28 16 48 33 82 80 59 80 25 70 12 30 60 56 80 39 68 43 51 57 10 92 24 23 36 69 75 52 54 54 64 16 14 63 81 20 24 63 86 36 38 59 52 91 66 83 45 30 86
58 56 35 44 38 96 46 20 70 92 32 49 16 82 99 99 34 80 90 16 42 38 91 42 13 17 27 66 73 32 15 30 30 65 31 19 54 31 61 81 32 41 62 58 97 48 63 56 19 79 73 85 33 67 36 44 52 48 79 19 44 49 17 23 36 38 95 52 13 47 27 71 39 35 98 13 92 11 54 92 90 64 12 60 60 23 48 10 81 40 20 85 13 10 11 54 86 76 33 70 92 61 60 98 48 79 30 59 71 34 99 41 44 62 43 46 61 80 76 35 74 18 34 58 33 76 33 71 73 31 71 80 14 48 70 34 65 62 32 47 76 98 60 50 62 26 65 93 61 26
43 76 79 65 47 15 68 35 24 19 60 63 26 71 21 91 37 84 58 72 49 79 91 63 73 47 44 16 24 93 84 48 85 76 56 79 17 60 62 75 87 46 27 66 67 79 18 12 38 37 22 40 20 36 31 65 92 24 46 96 51 38 26 65 47 89 48 30 74 93 43 33 22 53 58 59 69 63 23 72 85 45 96 28 97 64 71 21 53 78 32 18 88 11 44 82 21 57 44 92 55 34 45 97 74 43 46 75 12 45 94 11 35 39 15 81 23 78 11 39 65 11 72 58 93 17 58 89 71 30 51 85 58 62 84 23 89 34 45 47 82 81 57 79 91 82 70 55 10 79
54 40 53 16 73 93 74 89 81 17 90 92 95 32 76 61 48 55 58 93 68 69 71 11 73 11 48 17 60 95 48 95 96 24 57 12 32 23 93 73 28 35 21 73 68 39 43 69 93 53 54 88 30 52 54 53 37 39 78 19 20 96 64 31 69 13 58 44 42 97 67 71 94 65 35 84 41 43 76 92 30 72 29 52 43 19 25 51 54 17 26 72 10 29 69 97 34 59 13 58 89 74 62 96 59 11 97 48 20 67 53 94 92 46 71 20 35 58 27 48 11 38 13 54 81 40 60 42 40 75 46 41 23 71 41 53 29 32 45 40 51 88 93 91 50 49 95 11 18 11
71 61 86 98 32 90 64 74 64 54 67 37 56 49 80 12 31 70 42 78 42 68 98 55 17 30 60 50 66 14 77 35 12 15 88 84 97 74 24 67 59 52 66 48 80 45 10 23 46 77 36 93 83 66 69 52 89 96 61 66 65 13 44 98 22 64 45 41 46 36 67 76 57 42 22 63 45 10 52 87 39 18 37 97 82 44 91 43 75 42 23 94 43 69 96 19 10 90 87 51 43 60 17 65 46 39 34 67 70 58 47 97 87 16 26 73 96 34 34 26 42 58 40 75 14 57 96 30 33 76 23 37 87 35 83 67 24 77 82 46 44 32 38 15 36 77 16 69 65 18
33 98 11 76 30 23 16 51 20 41 50 50 74 35 32 26 29 30 79 15 33 55 97 95 62 85 97 57 32 52 46 38 47 38 85 48 90 65 59 69 23 44 43 25 37 59 54 38 55 40 15 28 37 82 79 74 93 26 31 70 75 19 54 99 10 37 64 39 66 24 52 92 42 30 83 88 39 19 40 69 86 93 62 61 71 22 76 47 19 95 42 73 68 64 69 39 55 34 76 45 15 90 34 70 96 24 88 61 74 68 97 89 90 27 33 89 56 46 48 59 26 65 55 53 60 21 95 33 89 96 17 58 38 95 24 59 17 70 23 18 36 83 42 74 97 90 78 76 56 34
82 16 11 36 32 38 58 62 83 85 47 18 64 89 20 26 55 59 55 24 21 54 86 47 63 18 74 21 82 94 39 62 42 91 63 87 27 12 46 58 84 34 78 65 30 30 67 84 51 76 89 94 20 33 76 38 73 13 16 70 20 75 23 76 53 88 73 41 67 94 17 86 58 14 38 68 33 83 57 68 76 74 56 22 87 13 66 44 90 43 98 19 51 23 29 18 72 93 69 37 74 96 28 89 10 63 68 83 60 49 98 26 68 20 71 99 29 80 18 77 34 95 65 46 10 39 17 71 93 78 89 97 25 93 63 91 18 73 67 24 37 64 48 69 13 83 39 80 76 48
58 69 83 55 59 75 96 56 43 40 96 16 11 87 34 11 41 48 92 87 29 11 74 78 18 71 32 96 27 28 95 33 36 54 84 71 65 65 35 74 14 76 64 73 87 85 63 40 77 98 90 82 67 10 82 66 43 38 99 84 84 28 42 81 94 37 20 58 27 41 61 14 73 65 14 81 15 63 98 82 48 96 11 79 79 56 90 69 57 85 15 25 19 39 20 88 40 71 94 36 87 44 31 11 51 65 47 38 33 12 63 15 12 98 80 22 80 53 60 91 58 79 76 71 20 42 73 44 94 55 46 50 62 71 43 41 31 16 12 16 48 23 22 89 62 78 28 28 76 25
80 94 53 88 13 73 61 61 78 11 56 15 63 17 83 60 23 81 43 62 18 71 89 76 41 40 23 31 97 47 74 73 56 39 36 54 65 29 67 60 40 33 29 94 68 48 96 46 89 84 13 69 52 54 56 49 78 95 27 29 87 33 80 92 35 61 86 64 76 51 84 59 83 51 18 80 63 57 31 22 93 84 38 15 22 11 51 97 46 26 52 99 92 50 26 65 28 91 69 15 72 31 39 24 79 34 21 70 17 93 74 78 32 16 20 70 83 47 11 98 89 65 62 81 63 27 13 24 26 30 78 24 92 60 67 98 67 70 64 59 85 54 42 64 61 55 63 28 74 46
91 35 50 32 97 81 75 81 90 44 53 33 99 49 89 32 29 97 18 50 39 33 31 26 90 66 45 47 17 29 18 89 68 58 73 51 46 57 78 49 57 72 61 92 21 58 23 56 99 19 29 60 56 90 85 32 76 30 19 85 58 29 71 95 43 78 23 70 60 93 80 35 23 79 13 59 72 61 34 38 34 40 42 53 95 87 60 18 40 32 28 63 70 90 61 58 88 56 65 91 89 33 96 71 65 55 39 54 29 89 49 31 65 92 71 88 20 83 69 41 95 41 33 88 78 35 75 40 61 24 22 35 78 15 43 76 44 18 69 46 35 18 87 66 51 45 31 74 21 19
82 40 47 73 18 31 97 30 47 58 33 24 96 69 25 97 98 42 11 82 90 62 49 66 19 84 93 34 44 71 10 22 11 62 62 83 31 38 22 11 16 58 21 69 46 38 14 84 37 13 94 76 31 44 35 21 29 32 52 89 98 37 37 71 70 36 24 89 51 75 85 36 66 26 80 90 94 77 92 87 63 27 37 27 72 91 61 81 84 11 34 55 63 28 51 78 68 96 39 48 38 64 98 75 88 54 48 69 98 77 59 43 21 52 90 84 54 20 56 47 66 12 81 64 20 54 15 56 40 47 77 54 17 86 69 48 55 12 98 38 37 55 40 22 22 28 98 12 24 74
24 14 95 83 84 47 77 17 83 19 30 93 42 57 91 83 32 80 97 26 88 77 21 17 58 76 62 90 92 33 69 95 67 41 81 93 59 49 43 18 64 12 10 46 15 35 41 43 67 40 99 61 30 59 57 41 66 42 13 91 49 96 77 64 18 18 20 11 87 26 46 83 53 82 73 78 15 68 73 14 35 85 11 66 77 93 59 81 25 80 61 26 99 45 72 30 55 15 14 12 31 28 47 25 40 71 74 51 90 72 43 18 91 54 28 67 68 48 77 41 28 43 30 24 38 17 58 99 72 79 66 62 29 56 19 97 58 86 48 57 83 44 90 40 87 15 98 66 59 31
13 14 37 23 40 62 68 73 14 47 86 86 28 32 33 99 37 91 60 14 50 52 82 64 44 38 81 65 26 10 35 47 54 89 21 89 88 26 33 58 83 52 94 67 41 28 15 77 70 60 98 61 69 53 90 47 10 34 50 31 98 51 10 88 60 36 90 73 34 58 33 85 41 65 85 27 83 66 77 83 23 36 57 13 67 87 38 74 77 18 92 39 49 18 77 39 92 96 94 98 10 70 15 65 43 44 92 51 52 73 53 30 25 15 31 69 23 61 81 23 43 69 26 29 33 73 22 64 91 22 72 27 88 55 53 68 93 45 92 72 97 33 15 46 80 77 78 42 52 88
93 82 50 79 98 96 91 93 22 79 42 13 44 92 38 18 85 68 87 84 67 16 70 57 20 52 41 46 74 30 76 40 50 64 17 28 80 91 43 40 27 22 95 57 25 24 73 39 32 23 50 34 11 56 49 90 47 58 59 96 10 92 68 25 80 37 26 24 27 80 33 29 86 56 35 91 65 63 42 86 97 30 72 32 16 50 60 51 33 54 88 25 54 69 88 50 70 30 47 82 95 50 26 23 10 41 46 89 23 98 57 58 22 58 85 39 61 35 38 47 15 79 43 56 90 41 70 67 98 77 59 21 22 35 63 69 60 16 85 21 63 67 83 59 92 77 57 63 18 32
11 39 75 85 41 84 62 90 52 40 71 33 60 97 87 37 31 70 41 50 95 25 74 57 40 75 40 68 10 35 37 28 11 60 55 24 88 35 26 53 60 16 41 65 76 20 25 39 23 60 64 62 63 78 82 20 89 47 74 59 86 84 51 21 62 18 73 43 43 48 39 39 80 74 73 61 82 12 36 35 54 26 55 79 19 98 37 12 87 78 45 74 12 14 73 45 62 40 77 93 32 66 20 33 18 36 30 46 85 90 21 55 80 49 94 39 18 71 22 24 94 96 25 26 37 18 55 69 46 67 13 62 83 45 24 92 84 55 67 54 91 13 36 93 46 18 74 57 97 23
33 47 65 64 77 31 55 89 35 74 70 72 51 32 69 83 91 19 91 80 72 69 85 91 89 61 60 53 28 74 95 94 51 33 35 74 19 21 17 95 31 57 46 81 45 25 78 30 12 45 80 71 48 35 67 87 28 92 35 46 60 87 86 64 12 70 21 16 24 34 76 23 74 97 62 23 45 17 98 85 18 39 81 35 97 78 39 71 38 14 88 21 97 85 26 89 85 61 27 36 32 49 70 45 28 39 42 53 44 63 72 77 92 31 85 39 94 93 57 44 59 75 62 48 19 76 47 21 83 23 18 88 68 88 23 45 95 42 91 68 54 43 89 13 16 94 84 56 94 36
31 43 56 49 43 66 17 24 24 62 26 92 58 22 69 30 81 78 55 59 91 30 25 35 58 98 31 19 38 86 22 28 91 32 71 90 25 33 88 90 93 91 32 63 15 10 51 38 16 37 55 18 80 25 93 30 70 86 20 36 78 19 44 63 66 62 27 66 68 52 21 69 42 55 57 78 78 50 43 81 19 62 86 61 58 21 61 61 52 70 21 25 59 29 49 80 80 16 55 62 30 65 28 82 79 87 95 88 36 82 93 29 65 45 25 22 41 12 58 94 90 45 95 19 27 52 51 12 11 52 57 32 29 88 58 82 53 46 26 37 52 87 24 88 89 81 39 60 63 28
97 53 88 17 57 40 73 26 45 34 46 69 44 65 37 44 39 42 98 38 95 82 77 49 41 73 21 46 28 28 55 50 14 27 17 63 44 52 58 92 14 64 13 51 31 40 46 44 25 26 53 56 63 49 71 27 61 39 95 55 80 23 66 85 24 23 93 20 62 54 76 56 84 87 38 65 22 52 13 96 17 33 24 28 24 32 95 31 66 96 65 46 91 71 95 90 31 61 75 49 35 57 64 21 64 27 92 95 29 79 97 29 48 39 39 85 29 41 80 75 59 66 21 31 43 70 16 38 42 25 37 37 21 89 37 36 96 92 63 46 48 96 53 68 94 51 89 32 33 68
59 25 52 53 63 34 63 73 24 85 49 43 27 81 65 46 46 67 31 32 84 78 36 72 74 46 31 13 78 40 72 52 22 48 89 37 15 82 99 55 38 47 12 41 73 54 71 21 31 74 19 73 69 31 16 43 29 46 71 69 51 93 96 32 59 40 19 15 47 26 78 33 56 47 90 23 87 82 85 40 14 35 80 54 27 35 59 22 96 56 50 36 15 91 32 70 64 15 50 49 97 53 78 63 17 38 45 11 59 94 90 37 95 25 90 69 71 44 16 39 82 88 89 74 13 74 44 20 81 38 14 55 91 38 66 86 28 81 87 64 37 11 87 63 36 89 46 40 33 12
23 21 88 76 16 62 77 61 49 96 36 97 28 13 58 15 40 36 45 58 13 36 85 51 78 71 59 35 56 25 32 73 48 52 29 55 28 59 79 93 43 31 16 73 98 97 44 46 51 77 81 26 81 71 27 67 72 86 75 30 33 76 68 15 79 93 34 68 60 82 82 56 15 82 82 32 68 30 45 89 42 77 37 96 24 63 50 32 10 78 49 21 40 10 85 45 92 31 45 20 36 59 17 50 60 71 62 13 82 35 29 71 72 28 45 54 94 95 48 78 58 62 35 79 22 42 78 61 51 85 13 52 41 48 45 79 24 15 86 56 36 94 84 36 71 30 93 22 93 47
75 43 23 84 95 92 99 41 54 19 18 71 33 73 49 92 24 44 83 99 71 79 68 37 71 93 67 64 75 88 39 91 36 86 22 75 53 99 40 55 56 78 95 40 83 65 90 78 48 46 98 47 11 52 75 75 63 23 26 77 14 48 87 39 49 38 41 39 76 82 13 47 68 28 34 35 89 68 66 70 29 81 17 62 29 75 69 39 13 17 64 66 21 97 71 47 76 16 22 42 78 22 41 94 81 91 45 36 75 73 50 88 89 66 97 69 41 44 72 90 26 55 45 38 92 29 10 49 42 49 47 32 15 18 23 25 20 37 94 67 20 14 97 33 92 41 88 87 93 89
18 88 12 76 95 34 83 27 59 37 17 73 53 71 21 23 61 55 68 36 62 69 12 34 12 22 77 74 69 95 75 77 86 44 73 10 60 77 47 81 80 58 58 60 15 31 35 56 67 71 49 84 46 85 55 49 89 95 55 69 46 42 37 67 30 40 75 70 57 55 89 35 78 30 47 32 75 87 53 89 15 95 61 74 83 32 87 50 92 53 95 12 67 85 60 95 70 67 52 18 46 56 59 41 46 34 49 48 82 46 61 81 25 93 43 56 87 29 24 42 15 32 24 37 88 23 76 40 72 76 82 17 45 59 61 40 44 81 37 59 97 13 74 42 61 16 34 18 15 56
96 91 18 76 83 44 96 48 20 16 50 16 18 12 32 55 58 60 97 62 62 67 66 82 88 37 77 69 78 66 47 53 64 49 53 59 72 67 23 17 82 83 64 84 60 73 66 25 80 54 56 88 79 72 27 47 43 81 31 37 62 32 55 29 52 63 91 55 99 22 47 39 45 38 49 16 63 58 97 91 36 73 31 91 26 80 91 48 40 55 75 45 91 50 49 64 65 50 88 82 14 78 98 45 91 49 47 22 26 60 54 29 31 19 89 97 71 20 37 32 97 94 30 16 15 42 93 67 72 63 40 41 82 14 43 57 76 61 23 76 17 25 89 56 47 41 59 52 95 64
22 83 61 79 62 79 71 35 27 28 34 52 64 60 38 80 97 73 30 38 17 96 48 89 17 33 56 90 25 54 76 49 51 74 31 26 80 47 75 19 27 97 88 13 85 74 98 45 90 82 74 78 18 40 34 82 43 24 15 20 63 20 52 57 24 54 93 56 54 87 88 29 46 69 21 83 77 26 24 21 79 24 92 66 78 20 35 36 71 18 19 86 98 31 90 30 75 13 65 35 52 26 65 87 87 87 93 53 45 74 45 98 94 47 74 24 29 51 68 48 58 10 63 62 39 12 88 35 55 49 96 62 18 61 62 40 46 85 16 80 33 65 26 83 65 46 75 28 33 82
37 96 12 98 79 79 22 67 72 80 48 37 84 76 66 15 36 30 24 89 71 73 19 88 68 31 78 16 79 86 66 63 14 95 95 86 41 39 47 20 15 98 24 41 53 32 26 58 38 74 91 99 74 69 20 90 89 53 57 71 99 38 35 49 36 96 14 59 14 89 11 16 82 89 67 79 91 71 15 13 16 17 60 57 79 15 41 42 82 73 19 60 25 51 14 37 72 74 94 83 62 47 60 92 51 19 16 71 66 32 94 48 13 60 86 32 11 33 88 74 42 31 81 19 67 51 33 64 27 97 89 35 88 51 74 74 30 22 76 97 67 26 39 74 76 92 39 44 29 18
93 69 33 13 73 77 34 67 63 29 42 43 89 88 21 33 61 81 83 92 38 17 20 75 13 49 36 46 97 27 30 20 75 75 38 92 60 70 98 18 44 50 33 92 47 52 12 76 58 94 84 65 88 82 67 70 25 70 68 99 43 50 58 28 48 34 67 24 13 13 60 38 97 64 48 73 83 24 18 66 48 96 54 20 66 41 33 77 10 69 65 29 88 99 24 99 85 36 68 49 81 68 83 15 81 44 42 17 56 88 32 92 95 90 24 62 24 24 35 86 14 37 60 42 14 51 34 66 13 24 94 46 51 33 21 72 34 34 27 18 33 22 65 74 19 89 83 46 26 21
40 72 41 27 24 94 15 21 44 92 70 22 55 49 56 78 47 43 12 96 52 39 49 95 89 14 30 97 77 11 97 20 73 44 16 98 43 46 96 45 96 80 86 23 62 65 54 19 20 48 67 33 88 34 86 18 90 91 18 71 88 74 53 40 45 54 60 14 80 40 53 28 71 53 97 61 37 27 77 58 52 52 76 54 37 74 31 50 38 85 50 98 79 12 61 18 77 88 24 35 35 20 58 30 73 70 55 31 28 85 41 78 16 91 88 94 53 94 57 32 85 38 94 47 64 40 41 65 15 13 40 89 17 77 82 66 26 94 88 10 17 86 83 79 38 67 93 74 42 20
73 94 37 30 72 94 42 90 66 77 95 22 69 40 85 67 70 22 43 30 20 26 30 42 20 19 36 60 85 27 18 83 39 78 27 64 29 42 81 11 14 93 69 37 59 62 43 82 27 98 55 40 31 44 62 98 36 46 92 84 53 61 25 47 29 20 32 60 82 62 21 29 57 39 80 14 13 85 43 14 65 47 11 76 56 26 98 21 79 45 81 31 35 79 27 29 33 37 17 78 65 47 45 50 77 48 63 63 93 15 54 36 62 55 35 69 90 72 35 66 22 36 70 68 49 81 15 50 97 62 46 15 37 36 63 10 37 36 10 61 95 49 67 12 12 25 84 61 87 44
27 61 37 73 79 75 24 31 20 87 23 83 71 50 16 22 97 56 23 11 46 58 16 66 51 68 54 45 87 46 37 68 96 77 88 85 95 50 60 76 27 22 92 67 98 79 52 88 46 77 25 42 17 76 82 88 49 28 52 48 97 89 82 32 35 57 92 29 94 39 30 51 17 59 81 89 79 18 35 98 82 83 60 61 73 70 96 87 64 53 67 73 67 85 26 85 85 28 91 73 94 71 41 18 11 83 28 23 94 63 57 79 55 30 89 11 22 63 69 21 51 45 44 86 16 26 19 57 83 24 16 53 63 49 17 60 76 19 27 94 24 43 59 91 97 83 71 25 57 35
69 62 21 11 63 20 76 74 78 85 80 32 77 49 71 19 57 91 77 13 25 14 50 99 60 35 15 24 25 66 75 72 96 47 33 46 94 45 93 99 96 99 14 60 69 32 57 18 26 79 57 18 46 48 30 72 74 85 65 34 93 39 70 16 60 85 57 58 91 67 31 81 96 93 19 34 12 22 50 71 93 96 65 65 36 19 36 76 35 74 27 23 78 25 15 34 50 47 59 84 57 14 65 63 24 58 17 68 53 29 20 23 51 38 55 41 59 74 98 42 49 76 82 35 63 52 85 78 49 76 74 75 17 86 49 89 24 12 25 89 19 10 79 79 82 98 70 12 25 21
49 39 82 33 14 18 24 10 39 75 98 30 23 55 24 52 85 93 22 38 56 30 11 14 69 36 34 84 94 44 25 98 29 71 37 57 52 96 12 98 43 49 10 26 13 40 15 45 94 72 87 99 54 60 44 47 57 22 50 62 52 62 94 59 97 42 56 54 82 51 47 52 93 49 43 61 44 79 37 24 16 75 32 16 12 30 53 36 37 33 85 12 67 76 13 34 74 76 19 43 68 39 19 19 82 80 27 26 81 30 92 19 79 50 73 69 53 92 75 42 23 55 83 19 89 63 28 96 51 77 97 81 53 95 17 72 17 53 85 90 84 99 34 42 35 16 57 35 33 68
69 77 43 35 40 26 58 71 33 70 79 49 81 33 71 36 80 52 31 84 82 91 95 89 61 15 24 73 86 90 52 94 16 34 42 33 72 54 94 45 90 36 82 69 45 40 81 51 86 43 37 26 77 30 64 24 34 72 89 24 74 68 97 33 44 65 15 59 15 50 92 35 27 66 54 84 59 67 76 90 22 86 85 75 94 11 54 17 32 52 64 38 42 91 94 17 40 87 33 93 59 76 80 50 24 59 78 16 23 22 90 24 73 20 41 63 74 74 30 51 93 96 96 48 58 87 74 33 27 71 23 71 92 36 90 53 23 62 12 68 90 68 76 35 20 24 23 41 84 57
50 58 87 19 64 48 79 21 69 79 97 92 63 27 46 40 57 18 11 22 63 77 98 43 45 58 58 90 68 64 69 55 25 83 76 86 88 24 15 24 78 49 70 80 85 79 32 40 41 81 48 63 24 52 39 83 85 75 50 98 68 45 21 92 93 27 48 45 75 52 84 36 42 46 95 48 67 48 45 71 16 13 28 41 67 47 32 37 23 91 41 81 51 37 89 67 38 82 91 71 11 21 49 39 37 99 48 14 72 36 91 61 68 33 37 22 80 85 37 80 97 62 25 44 23 60 38 52 48 41 43 88 85 22 10 93 23 20 67 65 85 51 52 38 26 24 62 20 44 47
63 74 82 88 31 44 64 25 34 87 47 78 94 26 88 48 96 17 97 73 52 28 98 94 31 85 47 36 69 25 48 87 70 90 38 95 82 45 91 65 98 78 92 38 40 35 44 30 88 73 82 17 31 96 37 78 30 17 52 61 65 30 84 52 93 98 32 62 69 64 55 33 63 34 15 24 54 28 85 83 62 21 82 60 43 77 19 15 53 21 19 65 47 29 76 23 73 86 11 56 41 51 62 75 84 70 21 23 57 13 53 17 12 50 84 10 43 79 66 67 89 25 27 71 67 92 70 24 16 49 41 13 30 84 80 83 71 12 71 97 85 44 48 65 37 21 57 66 35 17
54 95 30 63 74 22 38 90 89 93 21 59 30 78 52 68 58 54 71 83 81 94 65 54 66 99 29 72 62 59 13 91 55 51 66 47 52 95 33 92 21 51 82 91 50 59 87 75 73 39 76 23 32 13 64 65 30 91 92 22 57 46 88 14 42 18 22 39 58 74 97 88 33 40 84 56 12 90 59 24 59 29 24 79 12 75 22 42 36 44 87 86 21 33 45 61 70 11 52 71 98 15 18 58 64 73 67 53 30 66 22 16 73 97 97 26 60 62 66 33 62 44 42 90 87 65 23 23 14 90 52 27 25 39 89 49 48 83 15 72 90 38 82 49 56 19 60 56 68 77
59 12 34 39 44 63 21 88 18 51 11 63 51 33 67 66 53 44 64 51 60 31 92 99 81 86 14 50 42 26 54 82 39 42 52 86 20 66 43 27 34 28 32 56 54 78 91 82 17 64 37 34 75 51 36 93 69 46 57 94 14 62 18 78 66 70 82 92 90 89 67 33 19 70 43 14 40 36 80 32 82 99 23 41 69 93 44 29 12 17 55 79 37 77 97 16 64 93 84 22 23 38 98 46 23 13 49 89 53 68 16 85 39 23 96 57 20 42 30 39 81 97 84 76 56 56 16 75 22 55 93 56 73 96 21 97 93 11 94 90 18 19 34 97 91 92 26 27 62 57
67 89 41 30 38 90 56 78 54 39 84 39 28 57 54 79 66 13 83 73 15 42 60 67 66 90 65 54 78 38 62 58 98 73 83 78 45 40 99 80 68 54 90 65 62 84 78 89 47 25 53 24 88 13 39 40 64 59 18 29 93 77 77 96 79 38 24 84 94 43 54 67 37 58 62 97 88 42 73 83 11 17 44 83 74 35 55 27 60 45 44 17 62 74 26 98 40 97 39 84 77 40 18 67 17 97 24 89 60 35 97 47 90 48 27 52 51 66 64 59 90 49 27 40 89 42 41 74 96 36 25 83 50 32 94 65 58 33 52 35 58 80 25 56 23 78 16 79 55 29
88 79 21 79 73 50 98 50 25 60 63 22 34 26 28 32 74 65 96 29 55 64 68 39 72 61 34 47 50 82 17 76 43 31 29 95 80 92 57 63 63 39 82 48 33 96 51 97 87 12 21 86 36 13 79 29 88 97 60 62 70 90 11 51 32 46 64 24 63 11 17 94 21 77 64 85 44 21 45 28 39 93 32 29 75 42 62 52 23 51 27 93 38 19 54 87 47 51 44 76 62 87 52 18 11 15 81 72 25 37 85 82 45 38 42 87 36 56 59 97 63 61 66 30 26 59 28 56 54 81 95 78 24 87 13 49 94 92 98 74 56 14 60 72 56 77 53 79 91 93
71 64 73 57 44 88 62 45 84 14 10 52 50 43 54 93 71 84 67 65 25 16 89 44 36 25 15 74 64 58 59 14 44 73 89 16 22 63 78 62 68 53 72 93 89 55 58 49 40 97 61 37 86 28 25 54 44 27 44 82 53 86 22 83 61 95 39 81 28 78 67 31 39 12 61 39 43 42 90 50 55 98 99 31 61 93 59 50 24 35 61 58 31 51 64 43 13 92 40 92 31 16 96 98 64 11 90 92 54 79 21 14 92 49 61 64 68 94 90 40 86 27 34 27 16 72 87 33 53 80 85 79 24 43 83 52 13 11 91 88 29 15 94 97 20 44 25 23 40 75
92 25 84 14 89 70 96 98 63 52 98 17 79 31 26 86 58 56 21 45 84 99 36 84 38 77 13 94 16 81 24 53 51 10 88 46 54 30 49 83 86 41 11 75 77 31 33 59 75 24 11 97 94 15 21 94 31 69 93 52 36 30 65 90 72 26 28 92 19 49 53 55 18 74 52 68 32 59 41 74 80 85 12 38 49 70 16 90 34 51 52 18 22 91 54 96 54 53 30 13 87 40 51 67 28 35 91 52 22 73 88 80 44 35 44 32 15 58 33 59 78 21 28 59 85 66 52 22 40 53 28 10 31 67 43 52 36 76 10 44 27 47 57 87 20 49 63 65 97 92
78 85 15 74 93 29 43 29 20 82 75 23 72 73 55 84 12 86 75 57 70 47 26 58 63 69 90 16 28 87 94 75 23 61 16 10 29 46 44 63 14 83 86 32 75 67 66 23 13 66 25 86 98 30 85 58 74 12 87 69 13 37 39 29 58 76 69 40 54 12 38 51 99 43 20 28 73 34 74 94 79 39 90 54 10 34 23 88 26 56 84 34 85 11 71 36 14 27 87 27 52 14 44 94 31 63 97 72 16 50 68 86 82 26 84 84 87 37 11 35 60 35 76 74 47 83 35 96 17 22 72 66 62 79 46 66 69 67 22 88 94 33 80 33 68 37 26 90 95 33
77 68 37 95 80 37 22 14 70 23 48 73 16 75 66 72 95 35 31 86 73 22 50 63 82 72 55 48 39 21 26 55 79 28 72 66 46 18 92 97 74 80 39 87 59 68 98 72 38 97 64 30 58 40 73 42 40 70 56 75 71 40 29 91 15 37 77 27 66 97 27 55 72 94 94 80 20 90 49 76 14 18 72 22 59 25 75 82 48 49 48 94 81 49 95 56 88 37 63 18 15 75 24 85 96 66 51 61 79 62 43 74 72 79 17 95 36 84 43 49 48 76 13 32 67 61 60 97 26 77 66 65 23 45 97 81 92 62 30 60 43 78 81 87 14 87 19 12 55 16
98 52 14 32 65 38 17 89 93 92 91 83 45 29 55 83 36 28 75 28 35 35 88 20 59 80 66 63 69 14 73 20 77 78 32 58 36 61 79 12 47 92 72 89 26 55 45 87 25 95 85 13 11 89 18 66 32 86 68 23 34 72 80 84 97 15 47 19 22 72 12 80 28 34 80 46 73 81 26 26 26 14 41 17 67 72 53 86 83 32 72 11 75 79 33 34 40 41 66 72 16 10 40 57 74 31 41 49 53 35 86 84 87 22 91 46 30 60 97 22 31 73 50 52 20 41 38 76 34 17 16 11 13 28 33 97 67 96 91 76 15 85 97 21 26 24 71 48 23 84
20 91 77 94 51 19 18 57 63 83 39 47 96 63 77 24 79 28 35 54 76 20 45 68 95 24 64 78 81 87 26 13 28 11 36 48 54 91 27 72 32 26 55 40 66 66 33 89 13 58 20 18 61 52 77 43 86 52 77 31 88 37 13 64 58 20 64 33 34 98 38 60 98 74 24 86 48 59 12 95 96 80 45 88 59 15 45 26 96 57 70 88 79 19 97 49 18 13 61 78 19 80 16 59 62 42 34 27 42 31 29 92 73 86 90 28 45 28 93 55 80 65 65 11 50 22 19 53 43 49 83 81 69 94 84 74 22 56 36 43 39 20 27 81 51 86 33 60 48 54
55 60 35 43 68 90 28 51 81 17 34 70 41 31 18 20 60 90 69 76 25 90 53 62 71 79 29 36 94 23 49 90 80 22 15 66 83 98 57 35 79 14 38 45 95 15 62 34 38 41 31 39 69 10 92 20 97 20 87 55 17 35 56 33 30 98 55 90 71 95 29 69 60 66 32 83 72 52 78 39 83 21 34 82 19 72 21 42 14 92 56 62 73 81 37 65 63 40 52 94 30 29 17 94 44 57 46 47 36 78 70 45 95 84 49 29 70 75 46 98 61 78 42 51 96 27 24 17 96 28 78 43 34 14 83 41 99 64 18 62 72 12 32 50 66 85 42 79 17 93
82 61 12 47 36 39 98 87 91 18 35 73 47 60 52 25 24 71 25 38 38 37 80 18 51 83 13 91 14 34 99 14 75 73 60 33 71 71 39 17 22 91 59 59 69 46 92 20 54 69 13 91 69 82 13 81 69 39 45 69 93 70 43 51 13 85 29 40 66 70 41 10 52 21 17 66 56 91 37 29 20 40 24 61 78 73 72 97 40 61 56 82 78 20 74 66 97 14 64 26 51 85 62 90 27 37 65 68 48 74 82 53 44 44 16 45 98 51 55 80 69 51 12 57 43 19 40 67 20 58 97 63 73 65 38 63 10 80 81 18 50 91 87 77 41 32 95 32 66 38
87 25 70 55 24 20 51 94 91 22 60 65 94 14 31 61 86 90 42 51 19 28 45 51 51 24 84 46 28 85 57 69 87 38 67 75 37 28 61 84 72 99 56 19 42 68 22 93 73 68 94 22 49 94 63 31 95 84 71 60 49 38 78 72 93 97 68 11 20 26 18 50 72 75 99 28 49 13 50 73 60 88 77 83 87 57 93 22 21 44 42 37 50 92 56 11 32 31 15 17 66 73 20 54 30 69 12 65 16 85 39 51 85 38 93 59 40 76 85 10 30 80 37 70 54 35 24 56 81 30 74 73 38 66 72 72 14 18 22 97 68 86 25 29 44 24 73 63 45 68
94 23 91 68 65 40 39 67 79 46 82 45 16 57 19 27 73 68 88 31 20 39 98 88 35 54 32 48 69 60 24 95 67 40 91 24 66 25 96 18 47 88 46 36 98 25 30 13 27 95 27 81 46 74 37 13 29 51 23 86 50 77 69 89 28 47 21 41 78 80 41 36 97 32 65 36 44 41 32 30 93 84 23 48 62 34 71 84 45 80 30 15 78 25 51 13 84 68 41 58 39 88 65 82 39 92 82 79 65 78 40 73 34 91 91 98 66 14 18 80 92 31 82 46 91 37 31 46 62 66 89 45 33 36 16 93 75 13 12 69 31 20 30 70 41 50 54 69 43 66
94 36 65 47 99 94 99 43 52 80 43 90 47 65 88 56 98 62 89 14 96 86 33 32 14 84 17 57 44 69 33 34 92 36 98 83 24 37 87 51 72 15 83 73 79 69 14 53 58 17 69 11 89 24 18 87 95 70 66 19 47 54 41 56 53 63 76 12 83 60 70 76 62 17 38 37 11 81 78 69 52 89 75 75 71 30 25 87 98 14 14 83 33 17 91 73 15 81 28 16 38 74 35 75 57 51 20 33 72 78 67 52 47 76 90 47 33 77 25 64 81 75 74 86 92 66 97 44 57 71 59 79 12 34 18 86 22 85 76 36 90 93 23 44 75 64 80 90 26 80
16 77 40 82 27 44 23 25 86 17 22 47 24 99 69 85 71 61 56 88 80 34 41 93 77 57 53 84 39 23 20 91 56 71 71 39 46 28 77 76 83 16 90 35 92 82 27 85 87 28 24 43 23 70 82 58 14 87 61 87 67 23 40 89 82 11 89 66 58 33 27 54 43 67 55 15 86 53 42 42 37 12 88 98 85 99 39 16 51 95 59 14 93 84 65 58 91 76 14 50 65 49 93 35 31 53 98 34 37 83 11 31 13 22 58 82 85 63 73 54 83 53 66 84 85 20 31 47 43 22 91 25 50 53 87 84 98 56 70 11 32 33 97 61 82 97 44 30 94 16
67 61 37 54 90 77 74 32 23 76 58 50 56 44 66 21 42 44 75 58 27 62 64 57 21 50 40 16 59 95 81 85 39 44 78 61 13 46 48 88 60 36 30 17 51 45 35 63 14 87 65 32 14 45 44 70 61 96 20 13 10 43 26 59 86 71 20 10 63 38 67 96 90 31 12 67 40 54 65 77 89 34 69 36 28 52 13 55 32 46 77 37 38 92 59 67 73 77 98 71 89 26 15 69 85 49 67 85 74 19 62 99 18 37 90 83 64 97 87 14 97 22 34 71 54 89 85 56 61 81 73 31 79 36 66 36 25 78 88 59 87 74 95 43 47 98 79 22 60 73
41 66 49 74 30 52 82 82 11 78 16 78 84 89 38 69 64 39 81 54 43 42 24 58 21 83 73 24 34 86 95 86 17 40 77 47 49 67 91 62 98 15 95 47 80 29 87 63 76 73 35 83 60 58 30 18 21 45 52 38 26 43 99 59 49 59 75 49 38 79 71 53 28 22 85 64 72 40 71 90 29 43 30 42 44 34 85 86 52 83 19 14 47 46 84 97 49 36 94 72 61 21 42 76 70 50 86 49 26 90 56 13 66 88 76 54 59 83 38 49 23 25 63 92 44 95 43 62 10 32 96 76 64 54 26 74 15 45 64 86 13 76 13 40 24 54 31 28 45 88
