100 150
97 72 70 97 13 74 53 90 94 29 28 88 16 76 50 93 65 60 76 86 57 54 65 19 66 83 96 23 29 16 47 93 71 73 30 73 53 74 45 61 89 26 22 86 63 76 18 35 69 64 89 56 79 39 17 67 20 14 13 36 59 89 50 70 30 19 71 60 77 72 86 79 80 88 48 66 86 75 40 14 53 94 96 61 60 18 11 15 21 12 65 52 27 12 65 48 92 34 36 98 72 80 48 14 48 32 97 44 82 40 54 88 42 29 32 21 32 64 81 14 74 18 35 49 32 56 24 44 89 68 72 28 45 49 27 72 12 33 67 34 32 55 75 26 12 23 29 22 90 74
87 71 88 50 99 90 75 64 25 42 36 72 90 10 84 61 84 69 63 81 28 15 63 21 84 79 38 42 65 37 90 79 72 30 13 99 70 43 36 85 53 19 76 21 53 14 79 96 88 58 72 48 37 94 30 58 69 21 37 10 38 11 84 21 33 95 46 56 48 93 72 48 42 66 24 83 55 19 30 91 14 94 70 88 26 73 54 42 71 45 20 75 75 65 47 36 79 79 21 61 88 23 36 28 75 27 42 18 33 69 98 40 16 96 29 89 59 36 25 43 38 92 31 71 99 96 60 76 12 22 77 52 66 97 79 23 58 45 99 85 33 17 46 37 59 15 24 92 70 22
41 76 84 26 62 70 35 12 81 80 87 40 87 78 35 64 58 34 67 50 30 99 63 65 18 96 80 61 25 33 92 18 63 78 64 41 32 33 75 97 27 65 94 40 68 56 55 17 58 55 19 77 88 54 62 46 72 21 63 67 12 67 64 93 58 19 97 93 41 60 54 37 38 85 21 65 21 92 43 31 49 69 26 81 70 92 49 45 77 28 47 86 46 62 34 66 26 58 21 52 61 47 20 11 11 79 23 51 43 56 18 25 98 71 25 65 59 63 40 75 16 65 16 87 81 42 42 79 85 32 59 26 66 59 68 79 96 97 72 33 51 39 66 53 40 55 43 20 24 47
18 37 40 40 27 75 46 82 54 39 66 30 94 36 30 87 37 49 52 29 32 55 14 56 70 58 20 72 50 80 13 73 86 31 36 99 24 51 17 98 16 44 23 93 67 30 49 61 89 87 25 53 13 45 90 28 52 55 71 44 11 42 35 37 89 27 42 12 72 58 11 76 89 69 98 21 39 79 42 91 72 71 36 16 55 16 57 50 58 91 10 22 60 47 87 72 28 39 80 32 62 48 58 25 67 85 52 20 61 39 97 29 23 34 45 97 82 12 85 89 15 66 76 33 15 10 30 45 22 20 91 87 94 41 24 95 80 90 59 82 46 21 76 27 95 81 60 91 55 82
57 85 14 54 56 63 87 99 55 21 24 43 97 17 18 93 37 50 40 33 42 87 93 47 36 16 89 21 93 36 26 86 86 85 50 72 59 94 23 59 26 97 76 23 35 81 73 20 11 30 46 57 95 65 37 78 60 23 93 84 62 63 42 40 77 51 19 80 43 24 44 49 56 42 32 62 23 99 56 11 92 87 70 90 13 79 87 39 39 55 60 29 61 81 73 27 73 17 18 16 12 46 13 24 94 43 23 56 23 58 62 23 39 66 76 48 77 56 60 18 63 93 76 70 22 93 76 49 87 98 78 60 41 79 78 40 17 82 45 94 40 48 23 81 48 37 36 69 14 47
23 68 14 52 77 16 94 86 23 59 28 37 77 62 41 32 70 73 31 66 77 96 83 53 56 48 53 76 71 38 38 57 12 41 80 53 74 63 13 22 35 13 84 73 11 55 61 52 23 55 39 63 25 33 34 82 82 71 38 34 47 88 63 75 28 73 60 18 32 93 61 94 32 46 35 42 47 19 33 88 36 43 96 34 50 73 85 15 52 86 80 18 63 56 75 92 74 59 30 45 87 67 67 50 67 80 81 90 61 61 77 39 17 66 20 52 95 37 61 63 87 62 69 83 54 17 76 54 71 44 96 76 61 83 92 67 84 98 32 79 74 34 50 66 78 42 77 14 70 14
25 30 16 74 87 25 60 16 47 35 71 74 73 98 69 99 83 25 53 33 95 64 67 88 73 15 96 69 49 52 31 96 41 21 85 68 82 72 13 51 94 90 92 39 15 93 97 89 29 70 13 97 95 77 86 78 29 56 19 60 79 55 25 18 44 94 51 84 11 55 32 76 57 82 16 81 75 23 38 85 13 74 75 91 82 79 99 58 68 29 82 37 13 23 81 63 84 30 84 33 90 74 39 50 42 28 39 22 90 80 73 63 83 87 49 28 43 56 34 87 54 74 15 47 87 81 74 87 93 73 33 85 43 52 37 32 36 71 76 96 19 54 30 20 77 85 74 88 49 86
24 51 66 36 69 23 49 98 58 89 94 55 21 52 19 72 45 28 85 72 36 96 56 35 85 18 60 41 26 92 48 62 60 11 63 29 33 19 64 16 25 37 96 65 32 15 80 74 36 95 47 47 67 52 45 17 31 98 10 17 32 99 77 22 45 12 87 24 62 32 76 11 49 87 98 46 59 44 73 36 76 75 36 22 29 45 57 12 92 52 61 24 27 74 92 81 58 53 38 52 88 14 82 27 91 65 91 92 57 50 50 69 57 88 22 46 59 60 97 18 47 69 30 20 73 40 65 39 43 61 20 29 47 93 73 27 74 94 92 74 48 94 30 56 30 66 51 60 58 98
23 20 44 53 37 40 71 68 62 99 76 74 36 47 20 33 95 20 87 29 98 66 21 98 71 50 81 85 45 39 29 97 93 25 11 83 60 23 40 68 31 86 41 78 58 10 35 70 94 46 37 95 15 32 12 87 37 15 19 24 87 10 60 52 48 83 31 78 57 73 44 37 46 82 12 47 83 39 50 65 26 97 96 32 14 59 50 24 15 60 72 57 58 29 59 58 26 93 53 76 75 42 67 64 86 63 31 40 79 76 56 94 31 87 91 61 11 83 55 43 96 50 57 37 16 44 45 45 80 52 20 86 79 91 67 65 74 29 46 84 57 79 85 60 45 39 36 89 30 34
42 16 99 56 32 65 43 30 77 55 62 15 72 97 27 76 34 71 80 65 31 47 95 81 85 71 79 84 73 38 94 75 26 26 34 82 43 34 71 24 80 80 67 85 66 45 85 65 48 94 52 92 23 21 38 83 76 48 37 89 23 32 39 10 82 66 57 84 97 75 47 19 83 75 72 87 12 65 70 11 85 95 20 56 50 58 57 57 70 58 70 93 20 24 43 61 70 82 50 32 22 44 21 61 87 70 82 65 67 28 63 87 65 82 77 56 67 51 67 77 70 11 56 70 70 94 24 89 42 39 26 42 86 51 30 32 14 76 64 78 91 41 66 59 12 96 70 86 88 63
30 85 44 64 15 79 17 97 15 11 16 11 76 56 14 84 27 19 29 87 29 20 44 87 31 52 34 98 73 18 86 41 20 56 51 83 11 44 72 61 24 74 88 94 89 33 71 58 99 56 12 65 97 66 83 36 19 96 13 21 83 22 46 35 39 24 58 30 41 28 94 59 46 83 18 37 19 95 21 99 47 54 19 76 29 54 80 57 48 64 98 96 72 33 45 83 70 39 23 74 45 93 45 95 42 78 47 29 77 17 48 58 33 36 45 89 27 47 69 57 84 16 21 56 79 11 10 82 82 49 66 45 78 98 84 88 37 46 76 50 70 51 44 84 82 91 92 71 69 80
32 60 76 53 33 88 82 77 76 70 73 97 70 80 56 91 42 42 96 40 86 68 89 47 17 53 45 60 94 95 98 75 71 54 59 10 41 54 27 78 62 87 27 66 42 70 10 14 51 34 65 40 38 33 23 51 39 14 15 33 26 17 98 32 97 54 79 46 35 30 44 95 23 56 13 49 20 66 77 20 12 68 25 46 61 24 33 98 34 43 91 68 28 14 78 33 80 39 52 23 67 63 35 89 50 72 57 32 52 47 44 94 34 83 27 26 16 82 60 94 84 66 55 41 32 13 64 58 68 41 11 79 33 50 33 52 14 24 18 10 20 33 90 47 42 49 27 94 26 94
91 45 35 90 71 16 69 56 12 84 55 67 50 32 86 11 32 16 61 33 73 57 67 94 92 70 18 71 41 41 86 41 12 79 75 77 56 83 84 11 64 31 48 25 13 41 13 99 53 58 83 98 22 61 59 91 25 62 99 42 57 97 55 44 66 74 88 45 28 69 86 52 17 27 73 17 28 94 52 89 61 17 99 33 96 95 24 34 20 18 11 42 61 17 36 96 37 76 58 89 83 46 18 72 36 39 17 97 60 79 21 30 61 47 29 66 74 41 53 97 18 75 37 29 91 32 41 79 98 63 96 46 19 15 91 36 82 48 22 47 97 78 51 98 52 69 43 39 95 81
17 25 16 59 20 25 30 81 87 15 74 71 30 11 86 96 40 47 11 74 95 64 98 12 71 49 28 57 17 45 77 63 96 39 72 76 76 87 34 19 98 59 25 44 41 92 63 46 11 47 65 95 71 22 17 62 41 94 75 17 17 53 63 62 37 83 79 33 57 63 22 21 37 90 82 62 34 43 27 38 40 48 55 79 20 51 35 79 74 70 40 27 25 58 87 58 13 52 46 70 37 88 29 23 19 16 74 72 30 38 20 50 39 37 52 35 68 45 89 69 49 91 54 88 70 75 80 44 80 94 44 87 88 95 61 91 15 95 28 51 31 45 15 25 18 64 84 55 73 63
11 52 42 12 80 28 93 19 76 34 96 61 93 45 52 33 42 12 59 49 74 83 87 63 47 67 13 14 49 55 32 86 66 73 75 21 41 50 95 44 23 90 78 33 98 77 65 24 69 46 91 91 86 32 17 66 20 20 38 16 73 69 45 18 78 24 96 90 46 42 74 75 80 40 20 30 73 48 33 91 74 13 33 31 78 64 95 45 65 36 97 29 12 29 22 92 25 35 48 39 15 80 95 73 28 23 98 46 45 25 42 48 82 34 49 78 70 50 43 77 88 50 21 43 56 20 24 55 30 44 56 54 27 78 98 21 47 35 75 21 91 91 80 15 14 32 67 90 41 36
63 76 23 73 49 78 65 36 63 25 13 38 65 97 92 39 60 57 73 37 87 19 48 86 38 61 18 17 94 28 22 67 40 41 49 84 80 31 56 50 89 66 85 14 28 19 48 86 52 90 40 44 53 85 37 68 33 45 34 63 55 76 88 67 23 34 36 20 55 60 67 64 79 93 88 85 30 89 78 20 16 81 33 50 76 22 15 45 15 91 12 48 59 75 20 70 53 97 21 82 17 91 44 59 38 27 88 85 91 57 94 91 92 64 63 15 94 63 15 76 40 98 88 85 77 67 20 66 58 37 27 39 39 41 68 69 25 36 40 49 89 70 61 14 67 79 28 59 53 20
79 43 60 78 41 14 71 70 21 89 65 88 99 74 75 39 45 60 65 75 22 73 20 49 68 54 73 57 96 34 92 38 59 69 80 18 67 82 60 85 90 37 40 38 65 87 97 75 46 33 77 64 59 71 51 33 63 22 17 11 78 87 66 20 80 78 73 57 90 85 85 60 35 59 70 41 48 31 98 84 59 19 26 51 73 47 20 35 63 13 57 73 94 82 49 79 75 36 17 65 40 24 49 65 58 94 93 31 94 27 23 78 51 71 81 13 84 89 71 49 60 30 98 21 37 75 66 20 20 33 93 17 11 29 77 26 68 94 39 14 21 87 23 53 51 72 85 61 87 42
28 88 91 53 59 80 71 56 13 95 94 73 22 74 43 93 97 90 93 18 59 11 71 90 86 66 47 93 67 47 19 84 54 50 11 26 32 92 42 13 56 83 90 59 41 23 94 55 85 37 91 34 77 22 19 99 36 90 54 71 63 77 24 90 71 43 75 79 55 25 50 90 90 16 86 89 41 83 89 78 48 29 83 72 93 40 58 81 53 69 80 29 45 87 28 97 28 10 32 25 94 34 42 83 32 72 92 71 48 32 31 82 71 28 13 13 19 74 95 15 65 98 25 84 91 68 29 90 25 69 64 94 27 84 58 62 91 57 90 58 21 22 85 38 83 14 21 46 22 34
97 13 70 88 56 10 35 51 58 28 25 40 40 39 72 27 13 27 22 91 45 49 23 36 43 85 67 26 74 52 29 46 34 24 99 30 15 64 93 41 28 30 40 35 31 87 61 23 83 55 21 68 73 16 81 24 48 14 95 19 11 56 58 64 76 69 86 20 48 16 69 69 83 78 28 12 38 50 35 56 94 15 50 12 61 82 65 55 43 51 95 51 79 15 26 73 16 86 80 81 40 55 96 84 59 15 23 68 94 91 97 25 67 65 83 77 76 77 27 16 28 80 22 74 95 51 37 61 74 14 13 62 53 55 98 20 85 37 32 39 29 28 96 73 24 47 78 23 94 81
48 97 71 15 95 86 27 90 31 60 38 40 89 61 93 69 19 77 55 20 60 71 43 76 94 78 17 33 78 64 13 17 46 76 58 82 42 73 99 20 59 17 12 60 27 23 16 68 34 11 36 62 76 94 88 76 41 24 69 48 82 43 18 30 81 56 67 15 36 39 88 88 74 73 86 19 51 97 86 51 27 52 94 34 12 70 63 81 75 94 65 46 79 45 94 18 54 36 82 24 74 82 56 25 83 98 86 86 40 58 28 32 51 13 46 53 85 35 52 83 20 18 21 15 32 29 20 29 45 84 93 31 15 92 76 24 83 82 31 60 51 61 14 13 67 54 63 24 39 74
82 90 16 31 82 89 41 14 60 70 13 31 76 52 90 79 24 51 53 97 60 55 85 68 70 24 79 37 99 90 44 95 92 88 25 62 14 56 67 64 92 25 59 28 31 69 30 26 75 75 46 97 58 23 96 79 92 64 60 83 51 67 63 66 89 22 24 55 56 44 35 94 46 48 93 56 45 38 97 55 88 83 33 52 67 17 16 12 16 64 26 79 73 50 29 46 98 18 18 67 56 84 31 82 83 96 64 12 96 14 78 48 80 31 28 60 74 48 73 41 10 28 71 97 38 92 69 37 86 61 36 40 44 16 56 83 18 23 69 97 77 21 63 10 93 41 45 41 14 97
16 20 55 70 52 35 44 23 55 70 90 19 93 78 88 79 12 26 51 88 44 94 51 31 54 37 20 43 21 92 76 13 53 16 43 48 49 85 13 93 18 89 79 28 91 84 69 72 11 22 97 56 80 98 76 18 15 17 70 57 61 96 43 40 38 21 28 60 54 20 49 68 80 65 84 62 41 55 58 45 22 53 18 38 18 88 98 15 71 20 88 28 40 79 12 13 97 11 65 50 99 47 93 14 94 50 32 41 11 90 14 68 50 85 30 36 19 38 31 19 92 31 39 41 50 82 96 26 38 85 63 67 55 47 51 60 26 10 19 56 10 56 97 31 18 51 81 61 52 71
86 78 11 18 19 88 39 54 36 43 24 14 82 97 18 44 29 78 46 84 45 61 94 87 20 52 17 97 97 59 11 32 46 71 96 59 83 73 18 53 52 52 43 80 49 35 37 88 11 12 81 44 85 84 57 78 70 62 81 23 85 88 95 95 93 42 57 50 15 20 10 90 80 42 94 98 92 88 91 28 66 39 16 67 47 88 83 64 75 90 23 34 18 35 42 55 82 94 98 46 54 55 11 35 27 66 69 17 90 18 61 77 50 85 65 15 15 11 75 74 40 59 58 80 96 14 79 35 24 87 98 31 41 62 45 18 60 20 92 74 97 48 56 97 61 91 85 21 36 49
83 40 16 98 69 34 55 29 32 13 39 32 71 78 39 72 14 43 97 93 95 84 98 97 88 82 63 57 19 39 28 20 77 79 63 35 65 61 22 45 92 13 66 86 71 73 81 75 81 83 59 24 68 13 82 12 79 17 69 46 26 43 85 25 66 93 19 52 59 96 34 24 77 25 89 18 38 74 32 34 96 64 24 42 72 37 41 66 34 64 14 29 31 54 34 33 37 97 21 28 67 37 17 56 69 57 75 38 21 39 87 76 76 61 28 57 48 75 32 47 48 40 56 65 19 56 89 34 24 94 74 83 59 73 30 51 39 83 80 63 44 99 94 31 62 67 14 18 96 83
75 85 65 89 31 78 90 50 23 60 73 70 43 51 86 61 18 80 99 65 34 50 18 13 67 16 53 51 36 15 82 79 78 43 18 66 19 20 14 30 84 37 95 51 45 19 67 93 47 51 79 23 21 20 31 22 71 17 14 57 40 64 95 57 40 60 49 20 63 58 78 44 71 49 63 24 89 48 29 57 50 15 28 86 75 28 75 83 65 16 83 91 34 20 94 52 73 11 24 40 87 30 35 86 63 58 73 25 31 49 76 58 21 95 68 91 92 85 90 11 84 81 32 26 39 77 87 38 94 97 93 90 99 58 50 84 29 42 32 85 13 82 23 70 26 96 18 21 29 77
71 15 98 28 46 58 48 48 54 84 71 46 52 75 80 48 20 21 71 44 34 91 16 35 32 16 65 28 35 12 14 48 69 91 54 74 92 65 82 92 71 79 80 47 30 28 10 98 20 49 98 82 77 95 24 49 90 61 44 15 89 94 63 79 81 71 80 42 28 99 20 12 99 74 20 96 48 55 76 19 50 82 44 76 46 45 94 53 56 51 23 94 81 68 58 69 45 61 55 26 95 36 85 61 28 31 82 84 24 81 74 53 43 23 72 16 86 22 69 58 80 55 29 96 77 68 26 50 29 42 17 58 72 67 90 14 46 97 75 68 70 30 94 86 76 22 28 19 56 71
26 53 59 17 23 96 13 94 67 55 14 53 56 77 39 60 31 59 45 31 76 77 48 11 47 46 33 85 88 69 59 85 19 67 31 16 61 65 69 59 76 58 99 53 20 97 66 31 80 41 29 24 38 83 24 15 85 55 10 81 36 69 83 28 84 38 81 66 62 76 51 97 97 96 68 21 77 14 22 21 28 72 22 43 52 50 45 23 85 86 66 62 52 18 37 73 41 87 95 49 31 52 68 94 27 60 45 83 49 64 20 26 43 24 90 76 48 82 57 39 48 85 26 92 54 67 48 79 47 18 80 38 90 73 92 99 21 84 58 16 16 95 56 31 25 96 83 96 37 30
70 91 13 33 88 94 42 53 89 77 44 46 48 29 90 45 57 41 76 73 35 89 22 76 29 77 89 25 15 16 18 60 17 52 91 20 14 24 97 28 97 41 13 91 63 29 63 54 79 70 22 91 43 96 80 15 71 71 43 69 48 66 45 12 15 99 32 69 14 57 49 65 55 85 14 27 39 99 47 58 67 40 24 17 38 14 74 32 25 27 77 60 23 42 83 99 94 93 89 51 31 33 94 45 92 61 51 42 18 36 31 52 45 85 29 29 47 81 42 84 34 10 77 85 44 50 59 67 30 29 74 16 97 97 89 87 66 60 42 28 35 90 91 70 70 16 90 69 79 80
46 95 24 62 52 25 36 45 70 14 70 62 38 95 26 26 38 17 22 43 13 18 27 35 65 45 42 63 81 62 86 13 98 55 88 87 80 21 82 32 75 46 21 59 72 27 16 92 84 83 88 66 97 74 24 81 37 71 16 16 45 25 69 64 38 66 60 94 90 68 46 61 65 53 90 65 79 56 17 35 21 83 16 84 93 84 27 52 97 33 35 87 61 59 31 94 43 27 41 53 25 41 44 73 25 53 76 51 44 31 68 28 20 15 51 88 18 73 91 96 86 57 50 60 25 42 30 76 40 93 35 41 49 51 78 30 29 47 31 75 48 40 71 82 20 21 96 32 63 91
74 19 26 15 24 42 16 69 29 86 62 42 60 91 61 31 81 96 20 39 56 76 91 48 18 27 31 88 91 17 40 80 16 89 57 37 67 27 20 18 87 35 80 55 72 10 17 78 16 55 65 18 27 72 71 16 39 21 15 56 13 19 61 49 13 98 37 29 94 43 48 29 76 56 75 41 47 19 82 16 54 35 74 21 54 16 89 36 61 65 79 14 35 35 86 50 73 73 71 65 22 14 12 64 77 72 96 62 60 68 22 48 89 10 94 15 93 76 60 71 56 11 91 19 34 45 18 97 85 37 39 46 25 73 17 63 24 95 75 51 67 38 15 15 20 76 23 70 49 11
32 31 75 14 62 94 32 97 43 59 99 66 68 78 19 70 15 61 31 94 97 49 82 52 94 54 11 17 39 23 75 30 12 59 79 56 49 12 54 30 74 67 50 47 87 96 56 33 98 49 52 80 30 21 51 41 92 18 36 23 52 28 59 36 37 14 68 58 32 44 29 74 81 26 37 57 18 91 62 29 21 80 63 79 92 69 58 27 41 93 60 78 29 34 58 40 34 37 68 66 94 50 70 46 77 13 97 58 82 92 40 67 32 85 48 41 52 76 46 95 39 13 27 55 88 62 39 67 35 81 69 39 90 72 34 92 20 36 90 67 94 68 69 25 17 33 95 11 29 71
54 66 38 93 60 93 39 43 46 52 59 90 23 68 77 96 22 92 71 40 26 68 32 65 56 45 53 85 44 90 45 91 30 59 76 52 94 82 70 43 96 89 96 94 51 38 50 75 63 88 68 18 16 91 23 42 88 42 64 25 18 61 80 38 77 23 21 69 72 94 86 72 30 90 90 32 62 44 90 34 54 12 16 14 33 27 32 19 73 33 96 95 84 75 32 51 42 81 31 59 89 49 30 16 26 65 77 62 82 66 37 47 46 41 91 66 36 50 41 15 76 32 52 43 82 82 28 37 43 87 54 23 12 76 84 62 18 59 94 54 87 62 15 94 23 25 35 64 34 90
27 74 31 69 81 34 49 70 68 83 67 38 32 19 21 24 11 48 46 12 33 71 74 53 11 99 62 36 75 27 11 40 39 43 84 39 83 12 99 27 84 77 94 95 31 87 76 59 57 61 83 29 49 62 67 45 96 44 56 96 18 49 71 77 87 25 92 74 57 54 40 75 65 38 54 61 13 15 66 38 14 30 63 31 73 62 63 89 73 62 30 91 56 61 13 83 51 84 66 46 15 80 79 63 33 28 43 35 12 58 21 59 79 92 73 58 51 68 89 66 17 54 74 50 41 64 81 64 24 92 84 73 41 36 81 22 10 90 59 26 75 37 19 42 33 86 56 52 17 95
56 55 96 49 82 28 26 60 84 39 80 26 74 26 40 46 94 34 98 64 23 21 53 31 68 92 43 20 29 19 19 78 33 18 76 67 48 96 17 73 78 62 34 31 75 60 96 43 66 59 78 20 95 13 23 83 84 29 16 36 58 65 38 91 17 25 12 64 65 97 45 86 67 42 89 49 19 36 65 67 58 81 56 45 56 87 59 81 53 53 91 97 88 85 77 76 36 54 61 80 33 13 55 90 59 96 33 85 88 52 88 62 21 21 74 35 14 44 82 81 92 44 34 70 44 21 63 53 80 33 32 26 78 77 92 88 56 31 63 27 83 22 42 73 49 81 61 94 32 47
77 21 72 16 79 64 71 18 48 78 54 99 55 72 89 50 84 52 75 62 65 53 94 95 12 85 71 97 91 99 74 68 87 84 97 56 88 30 63 54 76 59 87 61 28 73 41 86 65 98 70 59 15 38 63 44 83 46 17 64 53 98 85 19 97 82 41 54 11 67 97 49 97 73 75 11 73 77 23 39 21 21 43 72 44 77 88 78 68 60 34 75 44 40 45 90 55 58 77 62 66 72 73 12 72 29 68 86 91 70 37 68 95 66 47 19 72 52 78 12 50 64 68 67 76 90 44 34 21 41 76 90 97 81 97 98 31 78 19 71 37 60 93 75 15 22 74 82 98 56
40 56 33 99 78 76 33 42 29 81 77 46 45 31 69 96 67 52 42 29 55 15 39 64 91 69 37 67 91 22 86 66 86 75 74 49 82 36 38 75 94 89 92 72 85 92 46 86 80 38 79 42 32 47 87 46 53 17 18 23 20 30 27 53 54 35 15 74 98 31 45 82 94 74 47 77 67 21 81 13 15 89 72 93 80 75 14 14 49 41 83 11 68 53 98 81 20 44 92 66 87 65 65 31 84 51 59 59 37 31 66 64 66 94 74 24 89 72 89 62 65 31 43 57 45 30 74 98 42 21 39 88 19 66 60 15 40 82 54 94 21 44 28 52 80 19 56 62 84 80
47 37 62 85 16 50 45 74 60 84 87 74 63 20 43 44 43 60 32 62 25 70 62 37 19 75 41 15 51 28 82 18 77 50 50 81 79 51 75 46 60 28 17 77 40 66 31 21 61 80 63 29 97 29 25 19 96 59 54 70 81 42 99 65 28 13 39 92 37 18 79 59 17 35 33 41 96 45 88 74 28 21 55 28 31 35 80 63 12 63 90 42 35 28 48 85 72 92 20 59 12 61 63 21 81 37 12 96 64 32 35 73 56 38 16 61 85 32 76 47 25 80 56 14 52 79 61 58 81 66 46 50 56 26 14 60 95 16 60 85 75 35 69 60 13 14 43 14 64 71
57 76 95 90 66 38 44 82 14 45 77 95 58 75 65 73 52 94 68 63 28 40 99 47 17 26 41 29 48 37 25 81 50 39 53 85 60 75 33 30 74 22 14 47 46 88 36 69 56 74 57 96 63 42 19 42 86 24 33 61 44 49 81 88 97 48 23 85 97 74 73 43 94 62 16 90 37 27 64 25 29 84 80 77 39 98 49 73 67 62 47 17 65 76 46 27 41 24 12 97 96 75 43 85 70 14 66 35 88 81 78 95 96 82 24 17 97 70 94 43 54 16 65 89 34 89 90 53 45 36 29 40 11 77 40 34 85 51 77 12 43 24 49 43 75 41 88 21 25 55
25 33 83 27 78 58 36 93 19 62 43 48 16 87 43 70 88 86 35 73 60 14 19 35 47 13 46 42 16 77 33 24 74 21 19 32 94 85 63 63 92 67 73 90 12 98 17 48 94 91 88 75 56 80 98 13 35 17 70 16 69 16 65 92 37 85 72 80 58 69 27 77 31 32 22 68 94 10 98 46 65 35 69 38 39 54 76 16 95 48 16 25 74 31 82 74 28 92 73 69 32 33 46 31 80 92 64 36 37 83 84 18 46 68 55 44 81 20 24 67 17 58 81 92 65 41 23 64 30 75 44 54 66 87 87 47 49 23 58 17 47 64 49 35 30 70 43 69 70 47
18 54 60 73 41 49 97 46 14 68 53 39 82 50 52 40 85 35 86 46 33 49 60 71 59 16 92 77 20 22 13 77 27 84 56 22 40 93 95 76 53 86 64 51 43 73 57 64 87 31 31 14 14 99 48 41 90 54 54 58 67 38 36 53 17 25 19 49 98 40 48 65 52 89 41 20 84 90 88 19 47 64 55 57 68 68 67 91 22 58 78 49 58 35 30 50 71 85 98 96 61 71 14 33 68 88 28 48 66 14 19 72 38 34 47 39 25 11 40 26 91 68 75 45 79 24 58 17 21 33 22 35 92 80 27 70 53 46 10 72 52 61 50 94 44 61 66 52 53 99
81 59 11 27 16 75 28 74 29 74 46 82 31 24 47 29 13 23 43 27 36 10 49 18 27 58 50 85 51 82 86 40 28 97 83 41 14 49 55 31 68 73 97 96 89 16 36 94 55 63 50 85 47 77 55 62 98 68 12 14 83 64 30 14 77 80 56 58 78 82 76 46 67 74 58 80 79 18 57 68 82 30 92 36 38 28 58 66 50 10 20 83 39 85 93 75 85 50 74 51 41 49 55 85 89 28 98 78 62 15 97 64 51 51 17 75 63 47 34 31 69 81 70 82 80 64 78 26 25 60 39 33 58 90 56 46 82 53 66 68 97 76 89 28 23 46 25 62 45 60
56 86 78 83 95 20 51 56 82 81 97 91 90 40 62 19 11 71 38 93 66 92 69 96 19 93 85 99 96 55 48 12 56 13 27 31 61 14 42 67 76 50 52 35 95 45 43 11 65 82 96 32 59 30 96 20 96 86 84 23 21 80 21 60 44 57 64 67 69 76 49 63 49 14 77 87 57 82 86 63 28 96 48 52 61 98 77 58 35 95 15 14 29 66 40 64 79 27 36 24 52 37 74 50 21 42 32 91 37 58 54 11 39 33 71 81 78 28 79 98 86 95 19 43 11 11 83 72 48 74 43 16 57 74 69 35 53 95 97 64 97 84 95 24 63 63 60 24 76 52
60 26 35 60 10 78 76 36 50 94 88 68 70 56 24 26 11 84 25 23 19 42 27 32 50 45 10 78 19 20 40 28 76 70 42 81 32 91 67 22 12 38 83 63 44 77 16 85 19 47 11 34 36 76 77 90 26 43 16 52 13 68 90 47 51 53 42 34 28 31 75 18 52 44 45 45 56 52 67 35 68 31 23 74 51 79 68 29 25 17 41 74 63 25 37 77 22 84 11 25 31 75 67 23 78 47 14 41 20 71 91 97 94 28 77 20 17 49 98 92 10 13 99 84 59 49 22 11 51 67 26 30 18 76 87 37 87 39 93 25 49 37 68 18 36 53 56 72 26 31
85 97 86 20 90 39 63 57 91 18 47 34 68 56 40 59 50 89 16 63 53 26 60 55 92 17 22 15 97 24 22 97 44 74 18 76 24 99 24 94 98 16 99 56 90 86 97 76 21 87 95 20 37 45 77 74 28 78 40 64 61 39 20 52 54 31 62 81 78 81 58 32 73 16 57 95 89 12 40 13 55 27 10 15 75 97 10 42 86 53 72 40 82 70 56 92 42 44 70 27 11 81 64 23 28 60 35 26 52 52 61 39 78 50 98 38 84 98 32 23 29 91 68 39 48 73 17 35 22 13 93 23 55 95 67 41 87 24 66 36 19 83 71 70 13 21 43 38 71 72
72 99 57 28 45 60 12 17 13 41 14 64 79 23 91 28 41 20 88 75 55 66 94 56 88 30 76 62 25 27 61 82 62 91 84 31 81 12 83 81 69 80 12 93 13 69 88 41 58 80 33 83 76 43 13 15 85 31 63 63 83 98 80 87 52 83 35 21 52 15 59 69 16 96 75 81 13 47 19 24 94 96 84 27 89 24 29 56 78 92 26 44 61 39 63 86 33 23 55 29 39 56 24 85 96 11 30 34 90 92 93 55 89 98 56 62 10 83 36 11 41 49 43 18 33 58 20 60 54 48 86 47 33 97 70 32 75 24 60 91 34 73 40 30 76 23 20 30 18 24
24 89 94 57 48 65 77 17 58 85 93 11 11 75 18 89 49 92 52 18 77 65 55 41 44 91 89 76 53 39 45 36 69 38 38 68 80 84 67 44 73 69 97 77 64 26 76 19 62 96 33 25 68 31 26 52 18 49 20 92 41 32 28 42 92 87 26 93 92 29 77 49 93 37 44 53 91 55 55 93 14 73 87 25 40 15 47 43 18 74 25 54 17 32 63 69 24 53 27 34 83 11 89 23 30 62 30 33 64 26 52 51 94 26 87 27 26 78 71 73 24 14 18 43 20 87 35 84 55 54 24 97 57 56 28 47 99 34 35 11 47 11 52 23 94 57 43 81 30 31
20 84 58 53 97 11 69 18 75 46 71 64 61 91 44 29 79 27 25 34 70 62 32 28 74 12 33 60 28 34 61 16 11 24 16 70 74 67 13 51 31 98 70 10 66 13 27 91 87 80 58 92 76 43 38 71 66 77 98 95 53 72 93 96 87 41 98 95 60 43 98 28 48 40 14 31 72 76 68 17 58 92 23 77 79 21 54 55 54 89 60 58 15 48 63 76 36 70 63 45 69 21 17 20 83 89 57 59 39 57 13 78 61 26 95 42 58 14 64 96 30 22 51 69 97 46 47 11 29 18 77 96 54 27 40 24 94 93 64 51 49 22 78 31 80 19 81 69 47 21
72 88 33 81 80 86 17 29 35 23 51 54 49 16 27 41 71 29 77 46 48 25 86 85 25 97 88 98 98 19 31 27 70 50 34 92 42 84 56 52 72 52 54 48 75 14 87 32 99 16 48 95 14 77 28 68 92 36 85 96 29 76 16 92 52 94 29 87 25 10 80 47 11 73 60 26 74 86 55 31 70 85 49 53 51 96 42 86 53 80 41 42 43 35 94 25 76 13 23 16 15 52 74 88 41 60 43 95 14 36 49 67 99 43 61 89 60 92 73 44 64 60 80 25 59 14 51 31 39 64 22 77 54 18 15 52 55 34 93 45 29 34 18 12 41 53 20 82 34 58
13 29 29 59 87 58 59 29 13 36 94 38 14 17 13 78 86 68 37 96 71 36 13 66 53 99 60 67 78 67 75 93 95 60 93 92 34 74 64 67 11 44 66 36 76 23 63 26 47 76 78 12 92 24 55 93 92 93 67 75 41 33 92 23 89 18 73 61 47 76 71 74 20 75 68 25 74 43 92 58 34 85 87 78 78 30 68 14 86 65 96 60 43 90 33 33 96 28 51 28 25 73 45 67 79 44 44 13 44 67 71 15 80 23 78 61 59 50 17 54 54 93 21 21 68 57 34 29 57 63 75 87 93 54 19 62 34 64 73 69 94 97 54 27 63 88 57 90 80 69
20 75 76 56 35 30 31 64 68 67 23 84 48 78 94 51 26 34 75 69 57 45 34 34 84 28 22 92 26 69 53 50 42 98 35 18 28 83 12 15 40 34 93 78 75 66 11 98 39 77 53 68 31 90 86 47 70 38 46 78 32 73 58 55 61 36 46 76 65 56 30 50 41 44 43 16 65 39 90 65 82 37 14 32 71 59 74 95 16 16 90 79 61 61 33 72 56 69 20 15 23 91 71 84 95 68 61 38 54 52 65 11 43 11 52 50 45 64 72 55 85 51 11 44 71 49 77 70 12 71 14 27 44 85 76 39 68 35 30 10 70 87 94 81 66 75 93 71 27 13
48 93 78 90 77 76 37 20 85 68 93 73 11 92 46 94 77 55 88 75 57 30 98 22 98 94 99 96 29 13 17 65 34 66 25 41 20 66 22 24 84 42 71 43 25 43 53 59 97 36 54 63 59 82 51 87 86 23 31 34 88 55 74 83 68 66 23 33 38 41 55 16 77 58 86 66 58 24 13 45 63 88 60 11 14 34 99 96 41 72 84 41 85 32 83 39 77 81 57 37 15 94 20 85 95 11 29 63 51 19 69 80 30 65 51 32 47 69 59 64 28 29 50 98 27 21 24 70 29 36 12 95 76 93 64 75 50 62 44 61 60 28 35 27 33 64 37 63 40 51
80 46 36 82 53 28 56 28 26 86 33 84 27 71 31 54 80 51 18 61 69 56 61 42 20 12 82 48 85 17 39 16 80 93 47 52 42 90 43 15 65 56 51 82 32 70 26 10 53 21 57 22 65 29 66 97 93 86 77 49 89 41 56 93 68 82 69 69 70 27 68 99 19 42 22 92 16 31 39 11 85 44 57 82 36 86 74 61 24 81 40 83 69 89 60 95 79 93 29 24 19 22 96 21 78 52 69 58 59 96 59 57 21 20 15 40 18 57 78 20 27 60 19 20 17 85 75 54 74 91 33 53 58 76 79 75 12 37 70 73 19 14 70 15 60 33 13 58 78 74
37 25 24 36 90 52 82 27 89 76 55 96 72 74 68 32 29 26 13 59 82 49 22 82 92 27 31 25 73 43 25 39 74 73 36 51 56 23 90 22 55 12 90 40 47 13 41 95 20 79 82 21 88 40 70 44 77 56 90 43 70 15 95 65 80 71 71 78 53 63 28 74 41 96 67 88 56 45 95 51 37 45 64 84 70 35 82 31 82 17 19 57 73 12 96 49 60 18 40 25 39 77 80 57 54 15 17 15 15 25 33 55 57 69 52 95 75 96 24 13 71 83 68 14 89 52 15 75 99 43 86 10 27 75 42 93 96 19 28 44 65 61 91 66 62 32 68 58 49 91
13 14 57 20 38 38 38 85 85 64 85 35 25 76 85 85 61 74 43 90 17 75 93 75 39 33 55 70 63 41 12 46 59 51 21 76 62 99 97 36 66 99 78 37 49 63 36 98 68 45 94 65 18 25 80 97 85 72 83 43 41 27 56 58 59 17 38 58 46 99 51 86 90 38 87 86 88 87 20 10 80 45 11 50 22 40 24 13 85 21 58 15 83 64 82 40 95 26 59 59 88 13 46 61 36 82 32 44 58 63 95 90 58 97 93 63 25 27 24 86 82 73 83 84 21 48 70 71 76 34 17 14 86 59 30 37 90 34 48 24 91 92 24 68 36 64 69 84 17 99
28 32 28 60 74 57 65 53 94 16 71 77 95 48 21 56 19 75 75 69 82 74 39 23 76 55 41 84 41 44 53 89 18 15 42 97 34 99 99 42 71 44 40 89 20 78 83 30 25 75 80 30 84 27 46 53 16 48 85 39 18 39 20 37 48 50 37 75 33 49 57 42 16 85 54 38 50 69 98 76 67 56 66 61 68 87 15 38 14 15 79 49 92 64 62 18 41 45 43 50 39 33 82 13 77 51 19 49 45 92 79 55 85 80 72 77 49 57 27 59 77 70 94 90 34 16 74 43 34 85 22 88 77 68 25 58 58 44 98 88 51 41 55 15 64 72 85 55 40 68
56 24 91 60 81 85 82 28 25 86 12 94 86 25 91 24 58 13 75 43 54 75 84 37 77 54 56 40 87 45 71 80 70 53 31 69 42 54 94 90 66 86 84 24 54 90 14 77 93 92 19 85 51 62 78 71 71 73 84 37 63 98 97 62 12 99 16 95 43 64 60 39 83 29 44 25 41 36 79 38 50 52 23 52 74 15 28 52 27 78 76 94 46 62 42 64 95 44 23 57 39 49 92 12 83 61 53 49 68 18 72 35 15 77 20 69 23 12 57 47 29 11 52 75 77 63 82 24 39 17 34 65 55 50 84 45 25 55 64 47 21 37 50 32 82 25 95 57 90 14
83 56 73 19 24 93 86 46 89 79 27 63 64 64 59 17 61 88 87 24 21 80 76 29 57 64 17 35 26 92 81 20 15 52 45 16 41 15 81 24 82 68 36 71 62 35 51 92 11 75 17 39 63 48 42 24 13 52 37 22 21 23 85 31 40 65 33 64 39 17 49 55 26 95 53 52 22 23 11 32 80 76 44 39 41 60 56 42 52 54 42 16 74 50 27 59 84 43 84 84 39 89 85 41 88 20 67 65 40 27 71 86 22 37 53 44 65 80 23 64 27 60 70 67 55 89 20 16 35 86 59 21 32 71 79 36 85 48 30 89 10 79 34 38 27 56 32 70 93 50
91 32 42 89 61 58 29 61 98 45 24 79 36 42 80 25 55 41 58 80 51 37 68 43 39 11 61 82 50 10 28 90 17 95 47 27 41 26 53 30 37 36 29 75 64 16 22 53 19 28 39 68 20 60 42 94 82 49 86 96 22 91 86 92 82 97 74 57 64 58 41 55 96 25 92 13 40 36 91 13 86 51 30 34 42 94 34 31 73 51 53 77 55 28 44 97 86 48 87 33 14 92 67 32 22 92 79 55 69 49 44 72 79 83 81 80 21 75 36 37 45 95 98 15 46 39 97 59 23 59 36 35 58 72 47 87 16 14 20 35 28 16 16 97 61 40 80 29 94 71
95 61 88 88 56 63 40 15 20 20 86 23 84 64 36 17 45 60 74 77 71 90 19 89 10 68 62 63 47 18 86 87 89 25 92 17 91 67 92 30 12 34 84 11 46 44 16 91 35 24 15 46 13 97 20 26 59 96 81 74 83 18 88 92 18 37 26 47 47 31 29 14 84 59 51 43 80 27 77 61 69 42 16 49 26 79 71 74 32 43 78 46 23 68 84 10 67 48 73 41 88 49 51 79 24 90 96 78 42 26 73 45 96 85 39 25 19 87 63 46 99 70 87 84 57 16 23 89 73 66 43 76 34 79 64 29 37 42 28 93 91 34 69 96 13 62 56 66 95 94
43 16 60 84 78 32 65 16 61 49 84 72 22 73 35 31 77 97 94 77 82 14 80 38 38 84 18 24 15 77 82 87 72 82 81 30 48 30 30 72 40 59 89 42 50 95 35 81 37 15 83 44 46 93 26 87 24 50 75 22 32 34 89 56 74 88 61 95 14 56 62 51 15 58 45 42 76 32 83 17 30 91 51 48 28 70 94 27 98 78 26 20 47 89 24 67 95 83 67 79 39 38 67 89 63 21 18 58 38 37 97 94 45 19 74 88 46 92 36 47 17 85 16 14 93 24 61 23 88 33 16 18 93 57 26 56 87 60 86 54 72 78 84 17 22 88 96 53 81 54
28 74 77 32 27 91 73 95 53 26 81 51 93 90 44 22 97 46 47 98 21 85 86 90 60 96 52 13 45 42 68 81 37 50 60 14 50 31 24 74 16 12 61 94 48 67 81 24 94 76 28 14 97 63 61 40 79 94 28 63 26 32 38 41 16 32 88 92 57 40 13 78 13 51 97 22 10 86 88 47 90 90 55 72 10 20 85 91 67 74 26 92 73 44 33 40 82 28 76 20 86 87 24 68 18 88 93 29 18 83 55 96 90 12 43 46 35 40 70 37 83 89 65 65 94 25 69 74 98 83 55 72 29 64 36 59 21 11 39 50 80 35 36 10 78 51 34 75 32 36
43 39 70 13 18 88 92 44 38 97 73 59 69 27 88 22 73 85 46 45 53 41 42 57 48 68 98 20 88 80 24 58 94 55 36 45 53 71 93 18 22 67 81 59 58 25 27 66 51 68 81 48 16 19 22 42 23 83 36 38 10 36 23 90 78 75 17 52 41 28 31 79 76 17 84 40 71 72 71 30 12 62 84 74 24 83 60 53 26 45 48 82 74 22 99 85 38 87 34 94 26 42 75 77 92 72 72 81 74 45 62 82 47 15 79 14 42 91 77 20 31 15 29 11 62 66 55 74 84 89 62 84 96 32 12 45 75 40 46 36 38 52 91 61 36 49 53 48 34 25
79 79 28 72 93 54 37 20 35 25 12 37 43 85 22 14 22 39 72 90 49 69 25 16 41 69 47 56 26 72 38 17 75 27 65 24 54 45 38 13 92 32 30 37 46 86 86 84 58 64 13 26 31 56 73 46 67 29 32 49 91 29 81 90 69 34 91 15 13 93 37 11 26 28 43 36 55 42 22 37 90 30 83 87 27 46 69 25 17 54 58 62 20 74 64 89 94 63 50 72 29 62 86 25 25 83 87 20 82 44 87 22 14 97 21 48 71 47 30 96 94 33 84 30 55 41 37 87 56 50 37 20 95 78 64 52 89 54 49 12 61 52 19 95 62 88 69 43 32 68
58 99 58 89 49 19 86 20 37 79 63 62 69 52 75 97 86 45 66 40 89 17 88 21 44 37 25 77 18 77 80 96 72 28 89 63 14 39 44 88 12 86 36 60 74 77 82 79 58 55 95 41 74 83 32 60 97 16 12 12 62 85 24 50 52 33 88 55 34 83 92 87 38 52 56 77 55 84 78 29 45 90 75 35 28 44 16 52 82 26 23 36 25 58 86 70 57 31 96 61 95 45 45 72 61 24 59 46 45 75 81 76 32 24 32 65 66 12 27 60 58 98 40 84 27 11 26 19 48 67 21 38 22 35 91 57 52 77 92 54 54 78 12 98 85 48 63 37 88 43
74 35 27 41 73 78 23 78 66 81 62 58 25 41 85 59 64 12 83 97 50 18 57 72 20 58 62 33 27 65 83 65 29 63 30 57 30 73 70 17 15 39 68 86 71 35 96 82 13 91 39 95 85 41 79 95 58 99 87 89 33 55 82 72 97 44 37 87 57 91 18 31 15 17 21 16 36 19 84 15 34 28 56 32 86 16 92 16 23 62 35 22 76 87 53 67 64 14 34 78 29 92 47 14 13 34 89 92 94 93 98 60 43 58 96 17 88 50 97 31 83 41 35 49 93 74 85 87 26 54 97 63 92 97 74 58 73 86 84 92 25 87 17 47 45 98 74 93 17 61
24 90 75 85 85 20 37 84 98 60 15 23 87 21 47 63 26 35 76 17 18 48 50 53 43 14 64 23 83 55 24 87 90 54 43 64 14 64 78 45 57 65 38 66 79 87 22 30 82 55 76 38 46 63 80 12 84 71 37 76 66 54 83 98 77 56 22 75 44 95 21 21 77 27 72 28 19 32 89 58 44 65 60 52 24 90 63 59 36 83 99 31 44 17 11 51 73 58 70 16 10 84 91 27 70 13 62 31 63 11 85 26 33 96 99 10 82 52 96 79 44 63 77 96 90 98 40 52 50 76 19 93 75 53 55 50 53 49 39 65 36 52 63 26 56 84 22 59 30 31
60 48 94 59 81 16 76 61 16 31 16 24 48 25 54 76 11 41 75 66 43 30 55 26 59 86 88 75 82 89 39 60 46 62 84 23 34 47 44 45 55 58 73 98 19 41 64 30 95 96 96 23 67 42 57 26 47 28 92 50 33 24 30 62 64 37 11 21 54 80 49 86 70 26 47 65 70 34 25 24 79 78 73 29 21 77 88 65 34 14 27 87 46 78 55 19 39 71 81 62 19 46 46 74 93 28 42 62 97 82 57 61 25 67 50 83 57 27 11 68 44 47 64 57 30 88 56 86 78 98 29 13 20 27 22 87 61 18 47 12 33 29 21 54 93 31 27 89 83 95
63 50 76 47 23 36 44 48 96 81 81 52 78 60 95 23 47 52 68 12 11 21 83 20 36 57 50 29 43 66 34 58 85 57 68 70 33 58 56 51 78 24 36 95 40 59 41 49 35 65 38 16 55 79 29 16 29 72 10 33 88 45 37 18 48 29 15 63 50 18 26 81 95 19 65 30 29 77 46 57 10 80 30 39 23 34 52 62 97 98 58 65 74 48 60 22 60 75 33 67 20 80 94 94 95 47 69 99 32 86 20 65 29 12 35 11 80 33 58 79 38 85 87 25 36 48 27 63 92 13 27 89 52 41 16 20 25 73 43 53 65 84 41 32 73 51 34 12 27 47
25 65 53 53 49 98 61 19 71 41 85 54 10 76 21 90 27 54 53 12 39 97 85 42 86 95 46 24 35 13 37 19 59 13 22 89 18 76 93 67 41 13 67 11 76 61 27 16 67 33 35 40 82 99 92 78 86 44 63 16 63 12 80 75 20 37 95 52 86 17 78 82 18 97 69 75 22 88 53 51 62 49 73 79 36 38 52 33 59 55 90 60 96 36 12 95 43 26 33 92 48 68 12 24 93 73 67 85 70 85 74 12 90 53 24 26 86 67 39 80 40 57 90 12 74 27 11 63 38 76 59 20 27 81 50 49 75 42 97 59 58 78 55 34 39 77 52 35 91 64
65 15 34 78 94 92 51 66 41 25 43 19 20 89 89 26 70 53 66 62 77 73 74 11 31 88 35 70 19 30 65 78 81 76 82 39 44 96 22 58 38 74 62 30 47 53 91 78 24 34 94 18 17 77 40 67 65 67 87 55 92 39 90 44 68 59 14 90 96 97 78 69 16 71 32 54 59 92 44 16 17 49 67 69 22 65 16 80 70 40 89 77 59 50 60 89 33 28 98 18 53 45 42 14 74 20 82 98 82 65 14 79 16 55 62 34 88 94 79 87 82 35 56 62 81 14 13 36 41 23 44 58 67 70 84 33 70 75 46 40 14 89 15 62 58 40 43 41 63 70
11 85 69 17 55 64 66 15 52 86 33 56 69 38 19 79 20 29 92 65 54 21 69 28 61 73 57 69 58 79 20 55 77 13 33 62 52 25 82 27 54 33 41 52 17 27 77 55 18 40 98 88 73 70 61 90 67 18 56 62 41 54 50 52 14 78 70 13 71 41 20 71 20 14 30 50 55 50 14 13 90 31 64 40 16 59 64 38 85 43 70 26 95 71 49 35 16 44 84 38 11 12 46 64 21 43 69 90 78 68 52 88 33 75 72 15 84 50 93 34 37 46 64 32 89 85 91 94 70 63 47 95 65 85 54 57 57 53 33 88 39 77 48 64 35 16 98 44 97 16
88 61 14 34 53 12 69 77 71 11 29 38 61 65 46 50 19 71 25 11 47 23 36 42 79 43 86 71 40 60 49 42 25 85 59 58 66 24 59 18 30 63 39 73 52 11 17 68 83 70 50 25 46 15 73 88 73 26 72 92 75 61 64 20 88 28 28 54 76 20 39 70 55 58 36 16 31 68 29 41 45 93 57 73 74 47 13 62 76 69 48 60 14 15 88 17 41 13 99 91 35 36 45 87 33 79 30 83 92 34 63 20 19 71 75 94 91 84 84 36 20 33 83 26 28 46 58 97 22 95 65 97 95 50 91 39 21 47 35 97 65 36 45 93 34 13 77 19 75 87
99 64 38 45 78 35 35 45 91 26 55 28 27 14 43 34 81 51 33 69 60 77 31 38 43 52 17 34 23 51 87 14 45 86 44 17 29 11 46 19 97 91 19 69 71 26 59 71 24 95 88 39 63 47 78 24 12 58 60 69 91 67 30 28 41 46 25 55 52 87 76 20 91 11 52 94 65 29 15 70 51 72 33 26 35 93 61 74 17 34 67 81 44 40 79 82 43 15 39 55 62 94 70 96 80 84 61 10 67 94 75 54 87 89 62 98 74 12 23 32 76 59 10 96 53 76 39 45 33 65 56 76 88 25 93 23 66 63 90 11 36 26 89 94 66 28 54 57 42 18
78 84 25 24 54 62 13 61 76 11 89 23 41 91 70 98 74 98 78 93 68 59 41 14 49 80 93 97 82 17 80 12 97 88 28 39 68 15 20 63 55 77 41 44 90 52 44 89 72 44 40 57 98 73 31 81 44 76 47 50 34 26 24 87 34 92 69 44 37 73 34 17 36 53 85 14 20 70 44 45 45 38 45 85 35 20 35 56 45 52 47 93 18 14 72 47 94 24 74 46 61 22 40 50 88 23 23 86 58 99 82 97 62 20 61 74 92 51 85 35 52 16 42 60 71 30 42 20 71 13 62 91 68 98 48 57 46 33 61 91 50 18 35 28 31 21 67 47 75 65
89 88 74 46 47 48 30 28 64 70 33 59 40 31 80 67 51 47 45 12 62 47 57 68 58 24 29 55 36 78 21 62 75 11 88 78 39 69 22 70 26 38 39 74 26 91 17 93 56 39 85 79 16 28 10 42 35 15 79 95 65 70 68 87 64 43 83 23 77 79 42 14 37 38 86 31 34 45 73 63 80 77 82 22 94 95 43 51 75 79 63 11 66 72 29 15 64 57 98 78 39 31 17 65 41 65 50 52 54 54 36 45 21 24 17 63 22 62 71 43 85 20 56 45 52 25 28 91 70 42 20 84 82 72 73 42 20 80 48 15 43 43 25 83 58 51 36 13 91 42
61 47 34 88 86 88 47 92 35 15 69 41 77 33 61 15 41 75 37 29 23 93 91 79 84 63 97 58 22 58 14 69 11 96 27 46 13 38 77 60 92 20 81 94 39 23 90 59 55 72 99 48 19 33 66 75 88 24 28 46 20 11 94 93 52 50 39 53 79 37 52 93 50 42 75 10 44 39 18 82 37 28 26 13 36 37 46 85 82 19 46 14 74 34 96 86 84 88 69 69 79 78 78 95 17 68 83 62 25 93 33 60 91 27 33 11 34 50 91 98 14 35 69 14 17 38 95 33 97 91 80 36 40 11 46 15 94 28 79 63 69 12 12 75 29 44 74 91 21 39
75 91 53 33 93 60 73 57 30 40 71 87 24 70 38 68 68 68 66 45 38 69 34 12 35 37 69 65 34 22 20 38 96 50 69 11 62 57 31 30 30 36 57 72 30 14 31 59 19 39 23 69 32 16 58 19 69 57 21 84 78 95 82 22 91 63 72 55 99 94 18 51 81 46 53 43 91 44 16 49 73 80 96 62 51 13 31 15 70 26 31 66 86 58 50 19 28 67 82 48 81 57 18 12 91 86 33 60 58 70 37 59 28 50 65 61 63 92 25 60 82 20 94 91 15 24 90 90 74 42 62 77 15 67 25 92 88 76 23 72 87 10 66 28 32 16 55 71 83 18
88 91 20 26 88 18 80 56 67 87 23 15 40 34 41 42 49 19 83 84 82 30 14 28 37 81 68 74 14 82 83 19 28 77 73 76 74 27 91 38 55 94 92 34 64 56 69 37 88 47 64 18 30 98 89 79 60 77 95 51 92 86 56 29 57 32 33 71 64 80 75 81 27 52 98 34 72 99 50 88 76 96 40 22 35 16 30 17 75 56 67 34 45 12 85 99 35 82 31 75 83 24 90 71 94 97 81 71 17 17 55 38 89 37 64 90 90 57 28 61 62 42 31 37 82 45 75 14 18 16 25 58 82 63 83 13 49 51 74 66 17 20 90 35 90 96 91 52 46 79
76 32 70 26 55 28 57 24 70 58 91 55 82 11 43 22 77 36 54 43 24 12 18 28 84 53 73 60 67 24 31 59 92 74 26 48 84 84 69 72 49 28 98 36 73 28 92 60 23 53 78 35 80 37 45 68 90 49 50 36 70 74 24 76 76 67 52 51 49 53 11 92 58 18 73 23 40 32 84 71 33 83 39 71 52 76 52 25 70 15 24 25 85 47 84 79 32 29 92 83 11 79 43 78 25 76 82 86 94 69 74 68 42 21 39 28 81 78 41 79 61 51 23 45 68 23 79 47 30 46 51 16 46 51 14 47 78 93 19 66 77 18 29 36 32 76 35 79 16 12
35 90 45 57 53 68 63 79 83 12 76 87 67 46 16 55 38 96 54 98 51 50 37 11 54 48 32 88 94 48 28 22 76 92 76 12 34 91 21 58 31 43 80 69 95 34 14 67 84 76 22 95 93 80 86 31 53 60 71 80 29 94 69 98 82 53 57 43 82 16 84 48 83 50 24 55 69 76 82 68 63 56 66 39 33 49 30 66 12 97 44 42 43 55 74 86 90 25 25 86 83 23 69 84 50 92 13 65 88 18 65 38 27 27 90 68 69 17 84 68 26 29 91 44 36 67 58 84 64 25 77 68 89 83 65 85 15 32 60 71 78 14 33 70 34 34 60 22 70 47
52 56 92 41 15 60 11 52 29 59 20 92 65 34 93 15 52 13 23 16 88 51 46 48 87 95 65 60 76 11 67 85 24 39 90 45 98 15 56 13 67 77 58 73 37 15 44 65 55 28 26 17 32 62 57 49 74 47 94 41 44 90 36 82 44 28 52 19 58 28 17 15 23 55 18 57 42 96 36 68 97 24 53 92 34 95 31 46 17 75 65 24 39 58 70 68 80 75 97 90 94 15 69 59 81 26 79 23 35 96 54 52 69 37 83 48 88 30 64 31 52 54 92 51 48 43 27 30 91 45 22 83 64 71 33 61 10 11 55 56 49 21 90 13 64 31 24 92 77 61
75 91 90 31 63 47 69 73 70 22 48 47 27 19 72 49 64 49 19 28 16 24 68 15 65 44 89 11 75 31 16 26 69 62 91 24 30 29 51 27 92 62 61 54 13 50 90 87 71 11 72 79 23 83 14 95 33 23 87 38 50 76 46 23 51 72 80 49 20 35 88 79 62 13 63 13 78 64 69 33 98 24 40 31 83 13 68 55 36 94 63 33 14 67 97 31 28 22 55 54 81 20 32 16 62 74 96 65 70 97 52 48 41 95 27 15 68 64 32 93 53 14 26 21 96 87 17 65 32 61 69 64 28 32 55 75 32 35 46 28 14 86 97 45 11 92 24 77 76 47
12 68 72 43 54 95 10 77 70 77 40 53 90 92 45 22 26 43 84 88 71 84 70 33 57 73 50 86 76 89 27 43 36 26 69 39 71 48 45 62 88 90 83 48 54 75 39 35 83 31 49 54 93 98 11 67 90 58 90 48 37 69 64 27 47 82 76 74 75 33 26 73 84 71 53 99 27 30 91 47 34 26 75 38 87 29 20 46 62 19 26 82 58 40 30 47 52 62 43 80 15 36 72 13 78 83 12 29 18 67 89 48 40 86 28 64 20 97 66 69 82 15 36 28 76 58 39 57 21 16 66 44 54 27 63 99 16 12 62 69 99 28 95 37 27 81 38 16 79 43
40 36 53 73 22 62 76 19 39 82 98 18 66 61 22 76 96 40 92 27 28 90 58 84 97 19 58 20 26 44 35 23 86 71 64 75 91 32 58 57 24 92 66 73 36 72 45 57 32 66 25 70 32 87 85 15 51 56 29 87 17 40 33 37 35 43 85 56 74 56 88 27 70 97 48 94 90 11 36 88 29 69 52 17 26 98 47 64 77 44 57 46 13 93 65 51 71 11 24 55 54 51 36 33 13 26 81 74 38 83 62 86 24 46 56 59 82 78 89 56 61 87 74 64 87 86 51 18 42 41 32 68 17 66 58 51 49 84 24 92 34 76 29 12 18 80 13 20 88 84
33 68 53 31 52 17 29 12 54 35 47 15 78 65 23 24 20 15 35 30 25 96 26 17 26 65 95 92 71 26 21 16 36 24 19 52 19 70 91 15 59 83 58 39 77 57 44 98 58 43 98 58 19 47 35 56 86 13 37 81 22 97 42 68 69 81 32 12 47 42 46 42 15 45 40 78 78 81 90 71 81 18 80 36 94 67 28 69 52 24 12 39 35 72 44 76 50 85 43 40 24 71 52 89 87 72 72 46 72 34 33 97 15 97 43 96 18 22 40 64 45 33 21 19 17 53 98 72 13 25 71 36 47 14 85 83 32 84 52 13 87 60 41 28 70 62 24 61 16 16
88 84 53 59 92 32 10 95 40 99 76 30 15 22 33 62 43 45 82 87 25 88 67 52 13 16 52 49 90 31 84 23 83 85 59 76 11 60 93 77 48 57 99 68 84 37 97 30 69 60 59 46 38 51 29 32 51 68 20 43 11 49 66 16 56 26 88 23 19 90 50 52 73 98 75 44 78 54 13 88 34 39 27 12 98 94 62 50 88 36 63 46 13 38 39 35 12 46 63 67 50 49 46 44 85 30 37 77 51 54 45 71 94 65 53 51 97 30 39 78 34 32 12 36 21 56 54 58 62 31 60 57 66 32 55 42 96 90 24 19 16 78 18 13 32 27 88 41 16 87
44 43 86 86 60 23 75 36 72 92 63 36 49 59 73 83 44 27 54 83 64 41 14 56 18 64 16 23 49 74 34 93 86 20 28 24 62 93 88 25 18 76 72 33 57 99 86 29 96 91 22 86 89 45 71 17 67 23 96 50 32 39 16 92 23 71 99 14 17 99 76 26 24 19 73 28 96 89 12 46 97 40 28 79 35 82 12 88 19 17 63 75 61 17 48 93 22 83 54 34 67 67 29 36 81 38 69 77 33 32 92 24 58 33 31 38 33 11 45 13 37 21 18 24 54 88 66 71 23 18 32 87 55 37 64 76 88 67 84 40 70 23 44 89 26 68 84 13 65 48
57 48 30 35 24 19 66 34 77 77 53 22 64 40 64 64 78 79 16 23 92 41 88 48 61 86 75 82 12 99 60 40 51 18 23 20 72 93 94 21 68 67 55 59 42 43 77 60 91 34 12 85 64 86 78 36 26 92 73 23 44 85 85 91 57 50 85 35 55 46 35 36 95 78 21 12 42 65 99 51 48 98 74 89 24 81 34 76 46 51 66 43 83 81 74 18 30 53 49 33 95 25 94 23 73 31 92 17 78 27 56 33 40 22 12 14 66 16 23 50 79 66 23 39 86 22 52 21 62 79 59 63 43 39 46 29 96 24 57 91 16 21 66 72 14 36 65 58 21 98
46 89 25 37 11 87 83 23 69 15 37 50 48 67 23 51 19 46 42 91 85 78 66 55 54 66 57 21 76 53 54 79 76 70 85 61 10 54 33 27 59 49 75 54 12 57 28 14 40 59 68 24 52 83 41 63 57 58 78 60 47 82 33 87 42 75 34 45 39 78 42 79 43 82 97 20 43 77 44 52 96 38 46 13 18 56 50 54 70 40 54 28 45 48 39 73 74 28 64 34 55 49 29 79 92 50 72 30 92 84 95 81 46 18 37 57 64 17 66 24 82 71 70 20 26 70 51 30 23 87 98 49 56 13 28 23 31 37 69 60 63 68 47 57 95 80 46 92 50 51
81 53 46 48 48 42 60 91 11 78 94 19 67 86 66 56 44 44 60 13 42 55 51 25 63 86 56 72 38 64 16 79 97 55 72 12 62 28 71 36 38 18 78 90 92 83 67 81 33 26 38 72 87 65 37 28 53 58 33 82 11 32 87 23 20 63 27 23 23 44 40 18 65 24 35 76 20 82 95 13 77 15 47 65 56 87 62 21 94 25 49 39 76 54 81 41 78 86 37 50 58 18 32 77 43 79 18 59 21 43 18 22 82 70 53 52 71 39 38 88 70 76 83 58 35 92 42 34 73 90 61 32 62 36 91 15 60 59 93 55 33 56 40 29 14 54 26 26 88 20
40 25 45 24 48 53 73 20 65 88 72 78 79 57 23 20 13 79 17 95 38 49 13 59 44 19 16 23 90 57 83 47 21 25 64 75 82 66 46 68 11 46 48 94 25 22 80 84 98 90 41 32 77 54 99 59 80 81 15 98 45 84 43 41 60 84 86 24 51 49 46 37 52 96 28 15 57 85 43 71 89 85 72 28 11 37 11 62 77 25 65 46 23 25 27 54 47 33 64 39 68 13 27 46 39 58 22 52 11 49 91 71 29 42 94 64 23 80 66 14 87 18 98 53 94 41 26 33 77 29 66 76 66 54 90 34 13 73 43 40 86 82 25 40 44 84 84 37 60 36
42 41 24 98 23 55 65 85 61 15 11 26 59 31 93 46 27 81 69 91 32 30 72 98 29 40 96 99 65 92 37 94 19 16 82 25 68 21 54 54 41 43 91 41 35 17 25 22 43 74 94 64 21 77 33 42 27 42 81 37 44 87 61 17 15 64 46 28 87 94 55 43 77 98 25 16 67 90 12 30 63 98 66 39 65 23 55 50 14 17 41 46 18 69 13 59 83 31 77 49 47 31 39 20 18 14 59 20 32 20 58 45 73 98 41 24 20 34 39 93 90 20 51 94 56 65 89 86 65 51 41 55 86 46 18 43 83 82 13 47 42 11 88 91 61 84 48 95 65 58
14 21 27 48 90 12 53 87 41 82 85 38 85 30 39 22 43 44 75 15 21 46 87 75 47 33 69 66 60 61 77 21 62 44 56 25 27 76 76 55 14 20 66 92 28 47 58 49 93 99 77 23 92 57 42 71 28 30 89 92 77 20 87 57 46 46 89 18 56 12 89 86 74 47 42 71 69 82 51 56 77 42 78 70 38 83 61 20 67 57 67 54 67 51 76 35 75 50 23 25 96 54 28 23 33 98 65 73 94 38 91 31 42 75 71 32 68 35 27 94 65 16 27 70 50 65 70 14 92 38 26 49 67 90 61 16 13 32 36 43 69 30 34 58 10 80 36 43 89 15
89 87 21 20 51 25 50 25 30 63 98 93 84 74 65 52 36 17 46 18 98 36 91 24 38 22 14 26 49 46 70 20 55 74 37 55 85 20 85 75 77 73 35 41 17 43 12 30 95 37 75 42 84 96 59 58 43 40 40 62 85 65 98 30 60 46 35 17 54 84 81 37 44 28 89 60 46 65 30 14 63 78 79 98 46 79 68 83 35 39 14 72 99 20 16 50 56 11 68 30 43 61 54 98 59 85 88 19 87 53 18 21 85 71 18 53 30 71 38 98 66 23 61 98 98 31 26 27 84 23 27 34 74 98 55 48 29 67 79 94 15 13 22 55 81 25 71 76 26 74
64 87 68 14 25 41 85 48 85 25 83 80 13 14 86 74 64 65 18 68 68 16 31 74 34 47 63 26 18 32 73 80 77 12 81 15 92 44 53 50 22 52 81 57 34 17 73 60 17 62 50 61 98 82 72 96 33 43 20 42 16 94 63 46 45 43 62 82 53 52 58 92 94 24 50 24 34 40 52 50 74 91 71 13 89 61 13 31 49 58 31 27 15 62 61 26 84 29 61 63 16 30 97 73 52 29 26 77 71 79 55 77 34 58 11 33 38 72 75 83 26 54 49 36 70 59 24 79 64 12 25 68 40 16 93 33 18 70 33 90 36 36 56 38 10 36 80 91 85 25
61 11 80 31 41 14 50 45 33 75 28 37 41 36 20 86 89 40 80 82 40 96 77 62 71 61 18 93 64 16 20 35 50 42 37 14 81 90 37 45 90 11 85 45 51 30 57 35 39 74 69 19 16 37 16 31 61 86 32 86 35 77 26 75 13 34 80 19 69 80 43 26 97 85 64 50 13 31 27 77 96 53 41 52 44 27 79 97 13 95 81 15 33 28 10 86 75 23 68 78 68 49 25 54 46 82 88 29 21 47 99 72 45 13 69 76 23 16 15 92 23 20 31 59 94 15 61 70 40 57 70 24 37 28 55 17 12 83 59 86 35 82 80 31 52 23 88 51 50 60
58 17 69 36 45 38 58 82 72 49 88 98 96 79 61 82 50 56 69 35 58 31 94 48 69 42 59 31 48 37 66 95 51 33 19 51 35 61 27 44 72 58 50 22 43 16 24 20 48 93 27 61 37 66 60 18 91 40 44 84 14 44 10 86 71 98 69 60 42 20 77 11 89 30 73 36 13 62 57 93 23 89 49 28 43 66 37 32 71 45 99 33 80 67 11 53 38 40 70 97 66 21 70 21 70 13 57 68 52 51 94 23 66 53 23 83 12 36 98 64 52 18 77 28 38 22 95 26 97 34 57 39 54 47 35 92 50 33 61 45 23 60 19 37 42 93 35 40 18 20
31 47 11 28 81 32 11 12 46 86 75 57 23 81 46 81 11 11 13 57 43 11 98 62 53 92 46 34 78 57 46 48 32 49 84 86 13 62 22 49 50 73 48 80 19 26 80 37 86 90 27 50 12 15 92 81 65 15 62 64 98 50 83 24 47 31 44 68 73 46 73 12 65 49 58 31 45 30 39 24 40 42 45 13 20 38 72 29 92 27 10 76 57 46 85 93 40 78 61 10 45 34 50 53 74 60 94 14 23 76 69 99 28 86 80 82 77 35 61 36 32 26 68 82 24 21 57 94 98 45 97 42 58 41 92 20 23 77 70 62 96 75 39 77 58 14 85 88 39 15
37 96 73 95 46 95 78 62 66 93 22 56 91 38 58 64 74 36 94 70 68 75 91 14 47 80 36 74 95 54 83 42 58 47 97 20 50 20 65 57 98 80 92 37 91 47 97 89 33 67 18 54 55 17 61 63 39 66 44 77 96 45 28 50 43 49 40 41 32 79 71 89 33 13 73 22 14 22 54 93 41 59 80 83 86 21 79 73 26 62 29 27 32 80 86 42 52 84 51 95 98 23 35 95 98 27 92 17 23 67 86 33 12 13 95 62 25 89 10 87 49 45 81 34 59 21 47 90 43 67 93 73 52 83 92 90 53 32 23 26 92 89 33 56 25 96 76 46 48 83
89 61 50 55 36 58 34 93 16 86 73 74 14 59 13 87 24 17 29 52 28 22 41 34 55 19 72 21 14 13 48 79 38 29 92 52 43 12 81 68 83 72 30 50 63 52 76 48 52 32 16 91 98 53 92 22 14 39 46 26 78 50 32 87 32 71 52 45 43 25 58 39 86 83 18 31 16 71 61 98 81 54 16 86 33 22 76 60 19 41 67 30 71 77 75 57 67 80 62 18 44 54 39 40 71 45 81 98 90 88 72 87 51 48 98 18 20 46 28 94 39 48 90 50 29 12 15 23 91 52 52 16 34 39 32 88 73 69 76 71 67 17 12 48 57 51 89 58 65 75
