150 100
69 72 63 71 84 81 35 28 79 24 72 68 95 12 90 93 18 42 65 46 84 33 66 31 13 75 23 22 82 82 69 81 47 38 52 36 36 94 74 65 28 86 72 71 87 99 71 59 79 54 69 59 92 60 66 72 98 57 55 61 63 46 18 99 88 52 30 66 24 76 47 90 38 64 76 68 45 60 20 95 32 38 58 36 98 95 12 35 48 99 79 55 49 63 75 48 78 37 30 85
26 64 79 61 91 53 63 51 48 12 76 11 42 30 36 53 24 25 12 72 60 17 41 44 51 83 38 49 39 44 59 30 76 92 97 92 70 49 51 71 96 68 23 20 31 76 15 31 16 89 86 97 91 66 73 82 99 76 97 45 80 80 63 86 39 84 53 41 63 67 80 67 20 86 30 51 77 94 75 53 84 11 17 76 62 81 19 17 93 85 89 24 40 71 24 60 38 76 30 34
67 84 25 77 35 72 71 64 44 50 21 13 54 33 84 97 58 78 70 69 95 87 85 54 44 84 31 14 32 25 85 22 89 13 16 84 96 50 31 14 91 79 65 27 79 23 53 23 77 16 16 26 30 20 58 51 52 89 70 82 64 71 94 82 81 24 93 94 77 79 38 90 22 67 24 12 93 48 91 31 18 48 48 24 71 39 69 77 18 16 35 97 28 77 71 34 53 29 16 65
34 50 48 26 11 99 60 50 97 38 13 72 19 14 68 93 50 95 23 23 29 94 35 14 16 59 24 88 35 49 80 45 47 12 94 65 13 92 79 11 54 39 69 89 43 80 13 45 68 35 14 66 74 58 48 86 18 83 31 74 12 54 14 90 39 12 80 95 26 55 63 36 68 27 60 18 58 84 52 53 38 21 13 76 78 73 18 64 43 42 35 79 23 90 21 90 79 98 65 16
81 27 22 47 64 98 47 43 32 74 38 36 23 96 18 13 26 28 64 53 74 34 42 67 90 65 98 48 81 34 98 83 30 21 96 58 57 58 67 66 78 91 57 51 92 98 84 73 68 71 53 69 16 61 25 31 72 38 30 49 71 80 36 32 70 77 26 30 34 48 25 30 38 61 62 60 34 90 17 82 85 28 36 63 72 27 56 51 89 70 47 96 42 25 12 42 91 69 51 87
46 40 80 80 67 99 93 94 10 43 51 66 27 60 84 93 68 20 43 64 40 36 81 23 76 63 98 91 45 66 42 33 44 38 31 45 75 49 92 67 17 78 98 67 54 15 71 47 84 19 83 71 80 81 30 96 87 47 89 34 60 31 59 17 49 46 28 33 15 82 46 92 17 47 33 69 36 57 35 69 25 99 63 47 94 24 30 55 74 50 57 86 91 96 62 66 30 25 50 50
93 95 77 51 74 48 13 26 31 54 33 51 85 40 98 21 64 62 48 58 81 72 59 62 44 88 15 49 41 90 35 16 26 29 38 31 35 17 76 43 63 90 36 41 53 38 28 42 89 43 20 47 30 15 18 57 86 11 53 77 12 82 66 25 17 97 88 12 33 31 72 92 23 15 70 67 58 42 75 10 37 32 35 67 41 85 66 52 40 42 15 40 13 86 44 35 65 88 52 26
59 53 13 49 79 55 54 61 72 54 49 41 50 77 84 90 12 47 98 64 35 74 67 97 49 52 10 83 26 33 39 90 21 60 41 20 30 67 34 62 75 90 37 39 51 43 29 38 72 71 60 60 59 94 59 24 85 78 14 18 33 31 28 75 76 27 40 42 39 14 44 36 35 39 36 58 19 44 23 82 56 67 28 54 55 20 17 34 81 55 64 34 91 11 27 40 52 84 91 59
38 27 42 30 36 61 82 11 50 55 39 39 94 74 59 82 61 57 67 78 47 57 42 68 21 47 44 49 54 21 98 41 90 56 38 83 53 91 37 44 57 63 18 81 22 30 35 71 89 61 38 31 42 87 53 12 22 67 87 86 11 85 57 12 91 86 38 62 94 19 88 38 21 13 45 34 34 25 84 65 32 62 75 11 61 62 39 31 26 89 39 55 27 37 42 42 96 23 88 84
51 55 97 63 90 50 75 85 30 40 47 42 68 94 29 88 85 29 87 83 80 87 16 50 70 92 15 37 75 99 95 63 16 32 13 45 31 76 97 20 18 14 40 39 11 56 41 36 30 99 34 48 72 79 66 88 60 87 19 49 46 65 32 26 64 84 11 47 79 38 14 77 59 48 21 31 42 23 13 62 20 52 87 43 86 80 95 14 44 53 53 53 70 26 69 71 71 23 37 52
95 90 17 77 28 52 97 30 33 18 73 44 97 50 96 96 93 60 59 61 20 17 84 77 62 27 31 87 95 79 15 85 28 43 90 28 46 47 66 15 42 92 66 50 19 29 40 49 90 42 60 42 96 28 75 73 18 52 74 98 75 77 40 26 10 34 91 17 63 31 89 47 99 71 68 32 97 52 59 76 48 32 14 13 81 53 63 29 41 23 95 40 20 92 12 63 55 87 75 79
24 41 80 81 11 85 39 28 32 93 77 24 22 75 42 30 35 75 22 58 44 95 57 68 65 80 79 74 39 84 87 12 83 82 71 81 83 55 78 16 85 79 70 26 24 67 17 91 18 86 54 19 83 67 88 83 24 36 23 96 83 69 40 67 70 65 21 27 34 66 31 49 91 21 89 75 42 18 75 16 90 30 43 99 35 52 97 10 76 19 58 64 55 36 43 89 43 93 20 43
96 21 50 23 26 75 20 36 37 84 52 91 78 47 92 73 46 86 27 47 55 32 37 33 30 31 37 39 93 61 96 46 13 40 91 78 74 59 98 51 96 20 56 85 64 12 18 58 62 68 15 35 59 82 34 86 39 81 86 35 46 30 16 98 69 32 70 12 37 99 73 54 57 46 23 99 25 42 50 37 41 18 14 19 76 68 79 28 87 86 57 76 39 74 67 97 34 62 56 59
11 47 53 34 35 16 72 46 55 17 46 14 33 24 89 93 42 67 40 98 43 88 51 62 93 81 65 98 59 68 73 72 37 34 91 86 52 14 98 44 82 76 44 82 90 56 84 55 36 98 38 91 51 23 64 44 76 95 18 38 51 76 37 44 18 33 64 17 54 25 59 63 99 33 91 27 13 63 62 61 48 71 32 97 11 19 36 90 41 78 84 65 35 32 74 32 87 94 67 17
57 26 64 49 57 17 40 41 95 21 58 49 22 31 35 29 95 20 90 79 17 39 14 39 80 69 34 57 64 20 50 13 93 55 12 59 96 80 78 18 55 23 49 98 90 96 14 48 19 42 96 62 35 86 68 73 52 92 58 67 51 91 93 60 13 30 91 88 88 60 46 40 49 18 50 82 56 60 24 53 88 95 11 23 75 68 21 23 23 31 46 61 93 42 93 49 70 42 46 26
11 95 97 71 77 39 22 72 45 64 21 50 98 54 56 71 39 70 68 59 82 74 46 36 37 99 85 63 86 34 66 55 37 68 72 20 34 83 98 25 71 45 60 30 71 38 75 92 46 88 33 31 38 34 42 86 99 16 69 58 44 34 86 49 65 42 87 47 60 50 49 11 46 53 92 31 60 34 72 52 84 72 57 37 22 96 50 53 97 85 12 90 48 30 75 49 42 79 44 77
53 32 90 20 19 18 46 36 24 68 83 60 87 70 61 29 99 14 48 15 95 42 15 53 52 70 13 65 20 26 12 22 64 87 11 59 60 17 40 95 21 95 32 94 12 37 11 38 43 59 23 51 96 32 26 75 76 13 62 51 81 81 34 13 45 69 84 40 85 82 12 27 62 57 56 93 86 54 36 36 88 11 15 76 65 43 13 48 67 36 82 50 73 87 84 60 95 90 41 51
11 99 21 88 37 72 51 15 48 28 44 78 56 35 15 49 38 85 47 93 38 57 95 97 44 65 59 74 95 61 94 47 46 37 43 28 79 17 42 78 43 71 75 19 30 17 14 89 89 68 33 24 73 89 79 86 17 90 73 47 77 46 30 42 15 82 90 54 81 96 75 16 53 69 32 57 13 76 45 95 65 85 31 52 73 50 80 61 45 40 56 79 21 62 27 50 72 40 66 15
55 94 50 79 37 77 38 96 87 48 28 15 15 59 26 48 59 27 86 54 12 59 44 41 26 79 30 89 91 26 62 79 77 88 14 42 37 63 73 26 75 39 50 24 20 70 30 34 57 95 78 83 77 55 47 51 12 15 22 56 38 68 54 68 30 34 71 29 37 99 64 68 40 25 58 44 84 37 94 50 32 65 96 91 70 90 61 67 10 70 76 70 23 83 15 71 21 36 54 74
42 93 65 93 41 80 43 59 31 51 62 58 41 85 76 84 42 30 88 37 88 76 71 64 20 17 19 27 32 45 79 42 48 59 99 41 14 38 86 14 48 30 35 50 22 54 17 45 93 13 10 83 41 42 95 31 97 94 89 11 59 27 80 93 54 40 45 78 43 28 68 35 15 28 95 10 90 38 21 60 55 77 51 22 29 25 61 70 20 97 39 53 83 99 53 19 54 94 17 82
27 29 26 65 89 49 63 44 84 25 38 51 54 54 45 95 84 25 37 38 21 54 67 58 48 77 85 99 98 18 85 59 66 53 48 27 83 21 45 15 66 40 34 60 56 40 90 32 78 53 43 33 52 86 10 21 23 54 88 52 23 11 77 84 84 26 84 83 15 24 69 24 98 43 77 39 32 39 62 93 37 48 93 62 76 18 72 22 33 61 56 79 43 19 28 49 57 91 27 54
17 24 40 18 34 62 86 31 91 66 59 86 69 95 40 20 12 31 40 88 65 24 48 38 77 96 48 86 78 95 95 27 57 33 31 53 61 20 19 46 27 49 40 54 36 97 81 87 29 45 27 41 12 63 72 41 36 90 14 73 15 94 98 23 92 54 92 52 66 67 76 31 71 14 67 74 57 69 22 81 89 44 33 23 79 34 45 84 42 32 57 62 39 92 39 88 31 47 21 62
68 59 46 72 51 90 96 56 25 24 52 98 51 33 68 46 44 87 23 71 16 71 76 15 22 89 21 24 23 76 14 19 21 89 17 31 47 69 86 50 32 21 82 80 20 78 49 90 64 34 68 72 72 33 31 92 23 75 86 43 77 90 35 83 47 66 93 45 55 69 30 67 57 24 95 42 58 52 48 81 94 67 88 91 54 77 97 69 19 80 33 83 67 58 78 53 71 88 31 24
29 24 78 10 54 75 38 41 52 67 14 30 29 95 27 58 41 63 54 58 63 43 41 38 17 35 44 73 40 42 13 41 34 55 75 95 74 14 86 61 85 59 70 91 23 74 97 25 96 72 66 82 70 93 36 68 56 17 78 71 53 86 23 68 89 77 73 79 81 42 52 37 63 91 85 12 17 49 36 20 23 52 37 80 64 98 12 31 57 62 31 51 36 68 33 23 99 38 81 92
31 52 22 45 49 62 58 15 16 59 35 88 79 75 90 23 58 84 92 19 14 51 75 25 98 39 81 75 60 27 44 99 56 84 95 94 40 54 10 59 98 90 51 54 78 93 63 79 11 25 44 60 37 87 72 31 47 15 57 61 65 98 55 17 76 71 68 94 44 97 79 82 22 46 28 18 55 81 83 85 74 43 43 63 69 15 69 81 44 43 77 75 19 78 91 77 88 18 34 96
30 45 71 97 18 33 63 98 96 87 18 15 57 77 75 55 71 95 69 42 83 56 61 90 84 31 41 30 22 19 36 59 82 91 94 66 36 13 38 71 42 21 96 61 43 22 31 21 84 36 74 83 76 45 60 55 77 95 35 46 86 87 91 51 94 50 63 78 36 57 17 73 18 73 33 73 44 53 98 88 72 61 84 16 79 51 48 44 95 84 71 33 45 42 78 30 51 27 95 63
82 19 17 11 26 55 28 32 75 64 40 39 23 40 58 49 39 57 26 61 31 25 82 77 88 80 72 84 35 61 42 58 80 20 91 26 24 30 79 42 88 38 95 50 85 73 66 69 48 88 65 83 46 22 97 63 44 22 51 79 95 82 92 28 29 71 60 82 78 41 44 24 73 21 88 49 24 34 34 36 98 99 56 21 90 82 32 65 89 27 36 62 60 82 78 74 10 17 55 29
33 61 86 92 43 48 47 14 41 38 40 78 24 74 70 80 38 68 95 18 68 11 78 66 13 51 37 28 43 91 36 88 16 42 86 78 71 87 18 97 93 43 38 17 51 89 19 78 81 57 71 12 12 46 47 38 48 90 38 11 16 28 51 31 12 44 57 36 93 57 75 34 88 39 14 67 86 32 35 70 39 74 16 97 59 93 82 76 38 56 94 76 53 76 42 28 42 17 80 80
40 20 96 65 85 70 14 68 92 47 51 65 71 11 85 46 83 74 52 93 10 23 98 78 42 22 39 57 38 16 20 29 81 69 85 45 40 48 17 45 32 73 98 85 86 29 25 42 40 20 57 16 71 98 16 79 25 49 66 50 44 82 84 92 55 76 81 26 38 21 57 31 46 84 28 25 29 75 50 63 79 75 91 30 64 97 40 79 56 33 92 33 70 48 53 63 44 43 78 30
18 45 35 51 29 60 21 23 97 57 67 31 21 75 44 25 78 21 99 24 66 79 31 85 40 14 42 15 79 67 71 79 26 93 74 62 62 82 67 63 97 75 67 30 95 24 51 76 50 36 19 48 17 97 78 10 98 50 87 54 58 85 57 15 59 50 56 44 14 23 56 22 92 80 48 41 95 47 56 70 26 16 29 93 71 83 47 77 68 35 35 38 35 47 50 87 94 40 28 62
57 66 79 89 89 29 18 36 41 49 50 16 10 95 93 55 83 84 75 38 35 70 81 38 64 20 90 26 39 22 20 41 45 90 77 53 15 94 49 14 19 16 25 43 13 66 35 20 70 33 31 64 63 56 21 94 42 74 39 61 66 38 96 42 85 95 54 53 40 64 44 95 74 77 88 32 41 37 55 90 70 56 81 63 15 42 62 17 60 62 31 61 49 33 21 48 86 90 56 88
17 96 90 58 83 55 45 44 42 40 17 86 16 28 19 69 20 34 47 33 80 88 40 38 76 20 99 75 17 13 33 50 83 63 79 44 15 87 65 62 47 90 21 59 50 37 10 88 28 88 95 48 16 55 78 81 84 86 21 81 41 14 79 54 33 63 87 32 20 54 48 97 97 51 33 21 42 74 20 51 56 15 34 76 33 79 66 22 74 86 67 47 84 74 60 69 89 18 92 23
22 71 56 91 14 43 74 35 71 25 49 56 27 30 81 98 30 42 39 56 83 23 99 15 47 63 25 90 63 96 55 34 39 90 26 38 76 24 80 95 54 97 57 13 39 22 67 91 39 11 67 60 53 16 51 38 60 99 93 58 94 86 96 54 49 91 69 97 26 47 52 51 64 90 48 51 61 89 98 80 15 76 12 96 35 13 38 74 91 21 66 62 52 29 79 14 56 46 81 67
81 57 50 86 88 21 57 29 47 55 77 86 42 44 83 32 30 54 93 92 89 37 57 99 78 91 97 15 29 42 38 99 59 65 86 47 26 42 11 47 18 43 83 58 72 52 44 97 22 53 84 83 54 56 81 66 62 42 62 76 70 72 82 64 41 72 98 44 58 44 77 90 64 94 59 46 43 87 93 57 19 36 14 36 55 66 65 46 75 14 23 25 98 29 19 74 11 62 51 57
61 71 38 59 83 50 63 82 63 75 86 95 57 80 39 86 25 16 91 56 40 42 14 83 35 89 16 40 83 29 69 44 79 16 74 41 19 77 70 64 74 59 25 33 23 92 15 13 62 61 87 94 81 41 61 69 19 55 60 44 22 46 97 53 96 20 58 76 54 47 41 98 58 90 55 81 12 72 24 51 52 71 76 19 19 97 17 74 25 35 71 36 99 62 26 98 40 15 81 69
20 16 55 40 28 35 63 98 10 33 26 83 41 72 23 89 96 78 38 73 19 97 54 66 54 56 73 74 37 48 40 57 89 63 84 32 19 19 18 12 70 13 75 40 52 91 92 23 66 45 35 63 49 24 19 78 82 97 21 87 43 54 67 63 86 28 35 86 23 66 92 83 10 15 72 28 97 21 91 42 88 30 28 58 53 13 87 70 86 29 15 26 42 85 90 40 13 31 37 46
97 64 58 82 50 94 97 75 54 68 98 66 57 34 56 49 20 52 96 12 22 80 98 78 91 39 24 36 33 33 40 20 50 91 34 79 44 97 75 47 25 88 92 17 46 55 30 81 18 25 91 86 70 74 39 99 57 29 97 98 34 22 16 85 25 16 20 59 59 72 45 31 47 19 78 16 69 18 69 43 34 72 13 83 38 79 78 97 51 95 60 50 27 22 53 47 13 62 44 51
80 81 56 95 39 22 77 90 31 97 31 12 16 49 52 26 20 87 35 76 39 68 38 82 77 67 21 76 15 40 21 25 39 69 48 10 97 94 58 19 28 64 66 77 30 29 88 51 74 70 20 16 41 62 84 63 17 72 77 37 46 16 70 43 73 90 47 34 66 33 20 98 14 14 76 97 61 50 62 80 92 23 29 19 29 87 31 44 17 38 41 26 31 43 38 90 12 27 17 12
83 36 60 65 57 81 47 31 64 90 13 91 48 25 74 86 36 55 34 97 35 15 26 31 76 97 70 53 55 93 72 74 15 62 30 41 97 94 22 84 40 51 15 55 92 51 75 91 60 53 16 86 95 57 23 12 84 56 62 46 56 61 43 81 99 94 98 47 49 97 53 53 77 79 38 88 51 31 31 31 64 47 11 81 36 19 86 72 66 36 62 95 91 29 74 97 28 44 61 58
84 34 81 18 97 53 38 84 32 49 94 11 71 68 68 24 83 72 16 93 98 26 34 68 42 44 31 26 44 83 83 87 79 85 91 16 88 47 81 55 88 44 90 15 71 53 38 68 79 95 51 76 80 72 34 34 78 80 30 99 53 69 59 21 62 62 27 84 92 18 55 94 88 64 11 15 52 23 18 28 22 60 37 45 66 52 40 29 45 66 10 25 95 45 78 63 36 92 48 47
93 60 14 92 66 85 55 10 80 51 19 28 70 36 16 96 83 92 22 19 37 23 70 91 26 78 66 44 32 85 70 56 20 43 83 54 69 70 96 12 15 79 74 39 76 77 98 48 46 47 90 90 37 47 76 27 32 38 52 63 76 62 92 15 91 93 67 98 56 62 63 37 50 98 31 99 84 69 83 26 81 77 20 77 59 98 77 37 19 49 32 51 12 35 14 94 11 94 50 64
12 11 55 23 81 31 91 93 84 41 29 85 27 75 89 59 31 43 89 15 97 11 16 81 63 34 77 46 68 15 28 53 32 88 47 81 22 37 51 52 13 85 81 17 18 56 42 47 20 98 72 61 41 65 13 76 46 66 38 76 43 72 86 38 57 94 97 72 92 38 44 10 62 27 50 79 78 78 41 81 53 89 52 95 39 57 80 72 36 13 57 65 78 11 35 17 61 41 59 48
82 89 66 45 43 70 44 88 37 65 24 81 94 16 29 65 38 51 88 26 85 71 80 35 69 28 94 71 93 79 66 83 34 35 92 22 61 76 87 76 93 84 10 20 10 88 22 48 32 51 48 55 31 53 18 35 89 11 49 72 13 54 66 87 25 83 73 56 67 63 35 95 83 67 30 53 40 98 38 11 26 17 99 29 40 44 93 24 47 98 48 65 36 67 57 79 47 58 21 17
90 64 34 77 86 16 32 17 14 59 52 68 89 21 41 48 47 79 31 56 23 95 90 52 46 31 22 55 98 36 32 82 11 37 16 51 69 95 12 42 36 44 42 54 38 57 94 24 50 77 90 30 34 81 88 50 30 63 89 89 80 31 79 19 55 15 58 97 35 38 23 59 56 25 96 27 82 65 81 93 24 56 57 89 80 98 89 83 46 86 76 50 93 59 79 40 28 23 33 67
16 81 87 55 19 43 13 84 73 84 52 88 63 75 20 28 98 44 11 39 18 65 82 40 29 12 97 26 24 52 60 25 52 89 50 64 26 53 41 57 96 97 55 61 67 12 28 15 59 74 52 41 74 64 85 16 38 19 84 65 92 12 94 76 11 38 31 68 89 52 18 53 47 78 98 16 55 50 31 74 42 78 61 59 96 89 71 14 14 90 48 39 77 59 78 30 85 47 12 71
51 80 71 26 27 86 98 87 64 14 72 72 33 43 31 43 77 45 94 47 66 83 31 33 78 15 53 77 75 84 15 35 34 85 15 94 24 57 29 75 43 20 52 62 27 18 83 87 65 11 46 92 23 96 97 44 44 11 57 95 52 83 27 35 80 40 32 50 46 60 25 54 30 80 45 31 42 60 46 38 95 91 49 79 72 20 60 12 18 18 66 97 37 61 27 88 36 99 15 80
20 89 18 74 55 32 37 89 30 77 62 27 39 47 75 78 42 78 89 61 46 56 71 40 10 49 38 46 36 73 76 63 29 38 47 37 41 19 19 37 12 45 85 92 87 48 34 36 60 57 46 30 31 86 16 28 74 82 16 62 82 42 77 53 24 82 37 40 18 16 57 31 33 55 44 61 34 17 44 42 96 84 34 47 20 26 91 79 88 61 17 17 78 75 11 97 65 82 74 45
84 33 32 91 51 31 66 47 31 19 29 14 88 35 16 74 68 17 26 26 21 41 32 84 71 73 91 10 11 20 49 44 42 39 23 49 96 68 77 82 61 56 14 47 23 26 87 60 51 39 11 25 32 76 95 75 98 84 55 41 15 29 21 32 89 59 13 53 33 99 33 49 28 33 15 89 42 90 16 67 40 78 31 78 69 11 80 96 63 57 67 51 18 71 72 62 36 20 59 51
82 93 67 30 15 85 38 62 12 73 94 62 90 70 50 43 48 15 31 52 11 35 62 35 11 70 66 78 16 23 88 31 98 77 93 90 15 48 38 34 26 31 12 76 10 40 85 72 62 80 73 92 56 87 47 62 61 91 65 66 58 35 28 89 71 48 82 58 91 86 58 64 35 64 99 18 65 24 97 35 62 95 47 72 73 49 99 44 84 46 65 27 71 94 90 93 87 46 70 24
63 29 68 27 91 60 84 19 79 22 54 11 37 30 27 33 27 59 59 63 71 87 90 59 13 96 59 36 78 88 61 97 67 37 73 93 49 15 80 11 67 45 76 16 33 90 89 86 95 67 70 90 11 66 50 42 51 66 20 10 87 67 85 29 58 24 19 80 58 89 69 46 93 95 50 94 75 61 15 26 39 18 45 62 17 90 73 29 79 82 32 24 92 28 64 97 53 23 21 26
85 70 56 24 69 48 40 19 26 71 84 61 63 43 91 62 45 57 97 63 51 70 90 96 54 41 44 49 17 38 64 95 83 91 64 91 39 48 91 47 34 56 39 66 58 72 30 75 83 42 48 83 99 43 57 50 86 14 57 93 73 44 53 27 29 77 14 25 36 99 32 67 91 57 73 33 20 32 91 80 66 40 42 71 15 64 80 57 55 14 17 97 11 45 28 45 37 43 18 74
21 37 19 10 37 92 91 13 95 54 74 46 83 90 98 88 53 76 84 44 20 13 53 57 21 29 26 17 47 69 34 96 65 38 68 62 19 68 88 34 91 58 53 89 61 30 49 58 66 69 37 95 89 42 77 46 69 11 63 40 95 35 81 78 61 52 58 73 14 82 74 16 67 73 68 20 32 40 91 15 18 96 27 34 44 82 40 21 87 54 61 59 61 90 12 81 40 74 63 89
29 41 35 42 57 31 67 36 31 44 11 18 65 37 89 77 31 81 14 13 67 83 12 76 79 41 28 25 45 18 31 76 44 62 70 97 95 41 95 16 37 47 26 98 65 25 85 44 36 58 46 43 40 41 35 22 76 43 81 84 11 79 44 28 65 37 18 33 81 52 22 86 46 51 99 86 39 27 54 95 37 79 80 97 39 43 55 56 61 83 29 16 62 11 80 68 78 45 68 97
90 60 74 48 94 13 82 98 78 44 67 25 60 83 64 29 31 53 70 86 16 12 74 54 98 34 29 43 55 25 77 92 28 86 80 63 71 34 35 25 96 50 15 33 47 49 82 96 38 69 94 86 90 12 55 93 40 51 77 39 11 91 79 81 84 68 55 15 19 52 20 66 60 70 51 24 86 18 67 60 82 39 14 52 40 59 83 77 59 33 28 60 63 62 14 82 31 84 55 91
88 61 24 69 69 38 75 57 60 93 10 36 59 13 94 12 79 83 63 54 95 27 85 31 83 81 34 86 38 29 54 64 45 68 36 97 65 89 28 72 48 73 54 15 94 74 64 19 63 79 61 49 16 63 28 56 82 45 17 74 71 57 47 82 75 75 73 31 20 64 33 73 16 74 32 32 23 13 74 12 15 38 72 45 32 37 96 58 17 43 39 29 46 81 68 41 97 27 17 47
46 39 55 78 60 88 34 19 81 78 15 14 82 82 73 33 43 59 55 12 64 46 57 60 60 99 36 93 43 35 66 17 39 11 90 53 57 93 83 75 22 96 88 27 82 68 61 32 26 85 42 72 19 61 27 98 49 75 30 65 19 64 84 16 74 27 32 21 56 26 25 49 56 25 50 22 28 90 65 16 82 54 70 61 52 34 52 53 26 53 19 91 82 38 23 75 78 78 16 60
79 70 59 84 70 82 38 92 94 40 80 22 14 71 34 42 64 51 10 63 86 98 55 32 55 34 78 41 84 62 29 89 55 39 50 93 93 29 95 53 59 36 60 86 37 43 60 36 60 32 37 17 85 44 46 81 50 29 89 24 88 13 91 52 39 25 75 86 46 87 46 59 50 93 38 68 91 94 84 66 20 52 70 78 49 28 49 81 42 94 48 48 53 83 82 63 63 44 71 22
64 18 17 42 86 42 84 82 78 56 67 55 44 22 92 41 31 51 57 58 12 58 22 92 73 21 44 19 96 94 51 25 40 77 87 72 74 59 62 81 41 96 50 98 57 73 75 97 56 56 96 89 66 31 46 72 14 18 97 38 25 11 65 17 27 28 12 86 75 29 54 59 48 55 42 23 68 21 34 74 34 31 85 13 51 34 68 55 67 51 57 26 80 88 12 82 31 47 87 67
80 48 43 53 73 21 64 73 76 70 71 15 66 25 84 11 92 57 15 28 96 25 59 16 72 18 91 85 20 28 53 81 48 19 64 45 76 71 24 66 95 97 96 80 93 52 19 25 77 91 31 56 27 63 44 62 43 41 99 60 72 19 30 67 12 64 93 13 95 75 35 63 92 88 76 63 90 18 12 60 95 31 48 12 66 63 63 16 71 13 52 46 27 51 31 38 14 31 74 54
69 41 69 98 22 76 53 62 38 17 37 48 80 20 82 97 58 49 59 38 80 37 97 86 17 19 65 56 76 84 46 17 55 84 99 49 61 86 99 22 13 28 73 47 87 96 32 98 85 35 10 48 29 74 41 42 11 29 16 11 23 72 94 68 27 79 78 32 33 85 57 41 39 94 69 39 49 97 85 39 13 28 10 90 57 90 18 27 97 78 14 15 73 76 29 34 48 75 26 20
13 28 65 88 66 15 60 48 72 86 27 62 57 62 23 85 43 95 11 89 76 73 87 79 95 17 53 12 48 78 70 67 67 27 52 73 88 33 25 31 59 71 73 82 13 33 61 58 35 22 98 18 48 55 89 64 71 67 87 77 95 33 63 66 41 31 78 31 62 47 64 55 41 76 22 24 94 78 54 55 11 17 90 88 27 63 35 28 68 27 57 65 95 29 17 61 69 29 63 97
63 18 64 12 22 50 25 63 16 11 52 27 19 55 74 16 40 23 75 83 85 44 72 78 35 76 62 36 70 29 69 82 61 11 87 61 81 88 44 66 30 62 19 19 25 63 62 75 92 23 30 82 40 30 26 44 86 59 40 28 71 55 38 78 60 93 92 31 45 15 21 20 94 19 21 50 62 49 65 38 70 75 13 30 46 60 52 54 37 52 49 27 39 79 49 50 78 50 14 20
93 98 91 81 75 37 83 16 88 65 29 22 94 52 35 28 60 96 29 21 67 20 97 92 22 53 54 48 70 53 12 98 48 74 74 40 39 98 10 28 76 37 61 18 85 76 92 13 36 49 44 75 57 37 40 19 13 50 31 72 11 67 51 98 92 33 78 28 73 16 25 99 81 98 40 19 86 48 81 73 89 26 41 95 76 92 28 77 34 79 41 62 66 69 49 54 15 51 33 13
87 43 41 89 92 16 54 90 36 39 53 26 72 91 98 73 22 37 25 21 60 39 14 81 93 64 49 13 13 28 52 49 43 92 93 24 47 80 53 28 78 65 17 34 76 81 63 75 41 48 84 59 17 42 58 91 90 66 76 69 42 82 51 26 71 64 44 51 58 81 32 32 86 51 12 15 31 51 19 70 57 13 55 45 64 19 18 67 13 52 49 45 27 49 88 33 97 34 93 88
28 88 81 60 86 42 35 53 84 60 33 36 84 50 57 25 70 66 95 62 87 85 66 91 93 40 92 84 92 82 30 48 10 56 96 79 32 15 61 93 57 15 28 50 61 82 95 18 28 19 74 15 52 30 42 20 38 37 47 75 34 19 37 40 83 23 12 32 39 31 29 32 66 97 75 63 55 51 35 18 43 34 85 55 12 30 81 57 77 42 60 25 13 82 58 27 24 81 67 75
28 41 72 43 10 21 34 11 31 37 20 95 47 27 38 58 58 78 32 83 47 39 72 79 58 12 41 89 97 14 73 55 41 69 50 40 55 38 12 48 50 90 48 19 50 65 48 25 23 70 19 79 22 98 14 31 42 48 99 46 36 50 86 61 88 16 53 89 78 28 36 90 99 12 42 17 67 18 49 22 64 88 34 26 31 12 98 43 39 43 67 55 36 59 17 39 81 92 29 33
82 49 62 11 47 75 86 42 96 34 90 23 41 86 48 81 92 13 81 98 14 12 77 38 50 61 49 70 28 54 34 29 37 86 82 82 93 17 92 68 34 47 84 47 40 81 69 28 59 86 25 53 64 50 26 80 61 77 69 75 85 57 34 60 13 44 19 48 71 70 71 40 28 56 32 96 85 11 54 11 76 81 27 14 65 21 74 54 62 14 82 41 32 64 55 28 89 12 70 46
63 93 61 71 47 47 32 89 38 24 51 24 57 65 68 73 33 27 90 75 95 54 49 94 57 45 17 51 14 33 96 33 41 99 36 79 50 80 82 26 38 51 67 81 84 40 73 98 51 71 41 22 18 74 46 77 71 37 22 31 71 27 58 72 57 21 34 13 20 75 15 22 64 77 33 24 23 18 37 22 23 88 70 98 22 54 78 66 73 15 72 72 72 41 94 18 33 69 32 17
83 84 20 50 21 14 90 43 33 76 88 73 73 32 51 62 70 64 91 65 46 75 12 25 64 50 60 58 55 60 47 14 31 43 18 87 28 49 69 57 72 15 72 46 84 72 85 65 93 48 27 25 32 82 91 43 32 36 52 79 97 62 61 98 38 75 86 71 17 93 78 47 73 95 30 17 73 63 95 87 41 77 72 37 10 89 85 19 92 95 86 43 54 51 70 65 74 79 86 88
33 46 79 31 72 58 53 59 70 32 18 31 29 98 79 27 11 35 54 67 71 51 27 29 96 10 53 78 39 80 32 54 55 93 74 48 66 60 41 53 62 66 13 43 10 69 37 59 61 15 12 62 16 90 93 21 97 48 49 76 31 22 78 65 29 22 91 42 64 16 32 99 75 35 41 27 10 77 56 56 54 11 50 79 47 23 39 81 19 96 76 79 47 46 80 37 47 41 40 59
19 51 32 49 17 67 20 11 81 56 20 53 41 58 32 75 21 22 80 79 56 22 31 16 29 32 26 51 58 92 86 20 34 18 37 59 82 93 94 20 73 66 15 20 82 34 71 32 46 16 36 88 58 78 32 12 15 52 24 80 95 19 89 49 22 77 49 62 49 95 83 83 24 52 16 12 28 63 31 92 83 67 85 95 75 56 65 34 81 19 19 74 48 78 85 92 26 66 44 28
98 57 76 47 22 13 87 67 76 63 64 37 43 66 32 40 30 97 26 45 20 71 90 29 52 36 83 89 49 47 57 60 65 80 41 29 76 55 47 30 29 35 58 99 19 95 30 48 98 94 66 69 84 89 96 89 83 11 14 36 52 28 63 47 19 51 66 57 55 79 41 15 38 94 70 41 68 93 68 93 72 35 58 60 84 63 99 94 93 75 80 37 77 91 23 17 80 41 76 83
79 36 88 90 34 67 35 59 38 31 62 27 33 20 57 86 50 20 18 53 90 31 29 44 41 21 69 55 52 69 86 66 19 64 32 82 83 25 13 34 80 51 56 63 33 40 91 78 98 10 60 65 79 17 54 36 23 54 84 66 34 56 38 17 23 31 15 13 40 25 53 45 48 83 34 13 42 77 68 30 29 72 49 62 60 40 94 67 14 81 41 94 15 63 56 89 52 86 47 76
78 48 66 41 84 48 75 19 43 54 10 70 85 97 24 75 55 36 64 11 43 39 42 82 83 46 21 54 44 87 61 28 29 33 69 63 82 40 55 33 78 24 79 99 89 52 40 89 70 79 63 67 40 62 54 50 78 29 74 98 43 55 99 29 48 83 50 39 17 55 29 43 80 75 29 40 28 43 47 25 91 36 73 95 97 71 80 90 58 19 12 84 38 11 89 17 70 16 20 88
47 59 85 10 66 36 48 48 95 75 82 60 32 66 99 22 86 57 12 56 88 99 51 79 11 59 85 15 13 11 67 39 31 21 64 17 91 64 91 40 24 14 55 27 65 62 22 57 44 80 98 40 56 33 90 66 67 62 33 11 50 71 36 36 26 44 30 32 29 72 66 68 82 40 23 32 95 17 30 59 24 92 20 31 41 35 74 84 96 13 42 67 33 76 78 65 23 71 54 81
77 70 84 90 54 57 12 97 75 30 30 35 90 90 49 60 11 28 13 21 90 84 47 68 77 74 27 37 90 46 90 14 10 82 57 70 30 64 46 21 17 60 20 99 89 65 78 64 23 46 81 95 87 84 14 41 82 19 60 85 57 52 45 38 27 19 18 99 15 66 74 35 67 38 19 40 12 80 63 30 41 24 10 19 56 50 77 25 30 14 43 22 93 13 74 34 99 15 80 56
12 81 45 12 52 50 76 14 52 51 16 61 58 18 54 48 47 51 67 70 36 11 74 44 24 76 29 81 64 71 24 59 41 63 18 95 94 93 33 59 74 84 32 39 41 82 40 43 80 11 58 62 37 98 70 62 57 28 67 65 78 47 20 19 54 55 54 25 72 62 56 14 35 78 17 12 44 54 18 31 14 80 31 81 51 66 24 32 19 97 25 73 60 73 60 17 28 40 30 60
57 24 29 52 87 31 45 11 60 59 90 32 23 57 10 74 77 60 35 66 16 43 26 43 27 27 19 11 76 11 68 19 97 62 72 35 44 89 18 95 88 82 71 25 44 71 61 50 82 25 25 62 72 88 91 75 17 56 81 29 76 48 82 54 64 51 23 88 31 89 76 86 99 93 69 96 50 11 99 85 25 69 10 92 40 39 47 54 49 17 54 88 74 16 66 69 13 61 43 80
67 87 82 89 62 61 58 12 30 11 63 91 74 79 30 30 25 31 27 17 98 48 85 58 81 58 76 94 85 19 75 54 41 97 52 76 63 41 12 65 81 34 79 89 92 97 76 78 38 49 33 67 28 11 89 49 20 72 39 83 63 78 86 26 70 45 10 29 60 95 28 24 97 84 26 14 77 48 22 41 79 50 90 67 64 56 28 88 75 39 31 14 24 14 31 11 52 13 58 82
77 18 32 98 68 93 29 51 14 88 38 73 98 89 34 45 67 65 46 14 85 58 24 52 15 90 27 36 84 87 68 64 14 35 86 75 73 78 47 15 45 52 11 67 48 57 44 33 84 85 64 72 44 60 19 71 32 68 33 28 17 58 11 40 52 80 74 61 88 72 22 29 29 76 39 88 95 57 69 13 83 68 58 13 83 83 39 30 55 25 58 55 70 53 28 30 63 36 58 88
42 57 72 20 42 17 15 89 76 10 46 59 82 26 24 61 42 48 72 67 83 67 38 44 29 20 42 39 17 49 49 91 81 79 94 34 61 78 28 60 36 70 24 30 55 36 24 50 95 25 38 22 75 33 47 37 39 93 45 89 55 86 87 58 97 22 86 45 50 75 93 85 54 29 60 85 10 59 11 31 40 54 97 90 47 12 78 81 15 39 50 38 50 62 96 89 97 91 32 60
55 98 28 91 13 98 12 51 14 96 40 25 14 98 78 68 39 88 79 29 59 88 12 83 25 63 18 27 22 55 35 28 42 80 15 27 46 92 81 38 50 91 88 63 45 98 55 77 13 57 22 98 89 90 36 57 33 83 65 91 95 52 73 60 75 64 40 96 69 94 27 69 75 49 22 67 88 49 64 79 26 16 17 57 83 92 60 16 87 66 40 34 34 42 92 81 14 82 84 67
99 14 59 75 72 51 52 62 44 69 21 85 68 71 88 53 99 70 95 44 32 23 88 18 82 35 65 26 47 33 68 30 36 82 82 92 13 70 27 83 28 52 53 86 51 12 89 58 43 31 73 30 94 57 32 74 22 70 52 93 57 21 86 47 44 53 57 61 43 29 35 57 63 35 88 56 51 14 26 66 71 94 34 42 92 45 44 74 68 47 50 39 23 69 18 78 25 31 66 98
37 55 99 14 17 93 78 78 16 83 38 22 40 36 88 69 12 59 52 79 93 71 17 51 91 97 36 29 83 98 73 78 56 66 66 26 73 73 63 97 85 76 62 85 44 56 27 37 68 66 82 97 93 32 16 78 32 47 35 22 10 24 35 44 86 85 52 54 82 30 57 91 67 67 97 63 92 68 61 75 75 36 26 70 93 20 31 97 75 54 66 76 58 93 65 10 39 80 39 81
71 23 93 38 91 74 11 18 12 57 58 85 72 51 86 47 40 14 27 11 94 61 11 71 72 33 74 74 22 33 84 58 31 91 73 70 65 46 27 56 66 75 55 14 20 62 93 73 67 64 44 33 70 95 59 37 74 25 62 91 41 62 30 94 12 60 48 36 87 71 82 91 51 11 95 52 30 39 76 60 27 48 15 77 71 14 73 94 31 18 23 81 49 89 63 66 41 15 84 47
44 19 96 48 33 11 10 80 99 22 50 70 98 41 72 45 82 45 97 61 89 11 42 71 10 38 11 25 38 17 21 23 35 60 18 77 83 31 82 20 17 11 16 93 54 40 31 76 85 37 73 73 53 96 65 59 93 59 19 48 47 95 65 33 74 66 84 70 96 58 20 42 39 28 95 84 27 57 95 86 77 66 47 60 93 66 18 66 59 67 82 93 24 49 44 91 75 53 76 74
55 55 16 93 41 46 70 88 96 24 43 77 56 24 61 85 49 74 55 35 50 94 19 99 13 56 91 37 71 13 12 79 93 24 64 87 49 84 16 25 77 56 36 98 69 50 76 82 67 66 17 79 79 57 24 65 75 35 99 52 35 19 66 69 14 69 95 34 75 34 87 86 46 65 84 90 20 37 71 23 93 12 38 94 88 92 33 48 53 50 20 18 55 45 81 57 12 30 89 76
54 19 33 18 30 98 92 71 46 75 99 70 23 94 92 23 32 85 73 96 80 48 25 71 68 21 77 27 34 77 44 22 73 90 77 37 97 42 59 10 21 52 78 55 69 18 26 50 73 76 20 95 63 66 87 87 20 88 96 86 83 14 17 88 61 17 43 12 59 51 54 11 89 67 43 74 99 18 30 69 64 20 17 82 26 18 20 25 93 80 24 37 57 44 25 13 41 53 98 53
49 15 51 71 87 40 54 22 58 32 54 85 20 76 91 65 99 86 25 91 32 21 55 19 24 86 42 93 67 34 64 39 13 41 35 31 48 34 54 94 67 68 99 18 73 52 48 15 25 25 36 74 50 46 78 47 68 66 67 79 85 73 70 10 56 29 61 41 22 88 85 88 85 91 12 75 20 72 12 37 86 71 88 92 50 31 69 56 23 46 58 68 98 60 45 98 54 43 72 98
11 34 56 58 74 75 92 43 95 37 54 66 84 17 71 72 16 15 63 43 68 14 66 10 83 47 17 58 98 15 85 60 57 80 48 46 89 27 35 40 88 22 92 95 90 81 42 54 68 50 92 77 89 71 95 92 24 15 87 99 54 52 27 12 28 29 19 34 99 20 24 46 43 19 63 95 67 41 97 94 93 21 79 24 57 88 69 43 48 28 73 22 12 25 26 38 33 16 37 68
20 76 26 69 69 53 40 70 98 73 73 63 15 22 20 29 93 33 61 16 39 55 59 61 84 57 75 37 81 54 29 47 84 37 15 53 45 25 44 56 47 78 98 63 36 13 52 13 15 68 19 73 96 49 59 74 48 56 56 53 93 91 53 77 32 31 71 16 94 33 77 52 91 46 95 70 24 56 62 42 87 92 75 73 44 85 92 40 23 34 77 80 94 48 41 82 10 75 94 47
69 48 84 74 96 40 47 43 66 60 58 16 46 99 93 80 50 49 14 73 60 86 80 96 63 65 93 82 21 70 90 32 45 34 37 14 33 91 19 67 18 89 87 65 87 25 58 38 12 84 52 98 58 34 63 66 12 74 85 24 64 62 13 28 76 35 83 74 95 88 26 74 55 92 23 36 94 64 41 54 85 65 61 90 74 87 46 15 25 23 76 62 39 11 87 30 88 19 45 96
81 62 13 72 61 37 49 52 60 86 65 40 28 48 96 87 53 75 69 74 98 69 18 93 77 64 90 37 25 81 61 47 15 38 51 69 33 47 29 68 73 21 78 96 75 43 34 94 16 32 26 73 95 35 77 39 81 31 74 26 41 59 31 44 95 30 27 67 19 95 35 39 75 67 42 56 94 79 90 71 89 16 22 42 66 45 25 60 37 42 27 46 29 45 13 85 62 37 93 38
88 38 78 86 36 29 96 93 39 47 73 15 57 28 20 65 61 93 53 32 63 65 37 59 95 96 35 19 82 31 35 19 57 69 26 98 12 80 14 57 79 53 64 94 62 44 35 96 97 73 65 42 75 24 43 41 25 14 37 52 98 54 26 73 63 79 44 31 55 14 55 64 67 33 54 86 70 76 43 81 32 27 96 70 28 71 30 65 93 20 23 64 33 23 80 15 10 20 27 92
51 14 41 82 65 66 87 97 19 13 26 20 21 74 58 32 45 52 19 76 60 45 57 80 87 99 35 39 90 82 85 28 92 65 91 42 36 96 15 13 49 51 86 35 77 19 64 62 24 60 86 98 80 20 59 14 25 22 89 77 38 86 79 53 42 54 83 36 91 28 20 36 32 20 83 44 27 54 95 40 65 49 23 77 72 89 13 76 56 70 46 24 24 67 17 29 85 21 82 48
70 96 65 72 51 27 80 68 37 78 24 91 20 97 96 29 30 14 45 28 64 57 95 13 66 56 94 33 14 48 62 27 22 26 91 15 51 19 83 18 85 87 12 63 37 26 59 21 11 21 40 57 14 98 11 82 55 88 77 26 90 73 31 30 74 86 17 35 19 14 32 23 86 49 73 72 28 82 27 27 65 32 49 83 79 62 53 87 12 20 90 64 84 12 39 74 95 90 90 19
14 37 78 81 36 38 89 26 83 43 71 24 82 64 23 90 56 31 20 97 76 39 56 29 84 94 34 81 14 38 63 48 76 60 63 12 53 33 79 41 17 49 35 73 15 55 56 65 19 92 99 60 69 87 72 83 61 11 67 75 79 40 63 39 13 19 89 92 41 97 68 11 32 30 90 17 62 12 17 24 80 20 74 27 72 27 67 93 73 87 94 84 14 77 14 59 19 61 63 81
11 93 92 75 62 35 58 66 65 74 28 82 99 94 72 19 92 13 68 82 94 75 46 55 77 26 76 53 15 77 51 92 38 21 25 77 27 48 73 70 96 40 97 85 55 46 32 69 47 96 26 11 54 77 88 67 63 45 95 74 39 43 43 93 74 67 71 37 12 62 38 93 48 18 89 29 56 60 87 77 82 90 58 74 84 72 16 52 52 17 55 97 90 53 88 79 79 20 65 85
41 70 42 41 78 46 61 71 37 98 74 10 12 93 50 11 44 92 43 92 89 83 99 89 50 84 75 81 49 32 96 18 55 74 35 24 38 57 87 16 68 49 95 66 66 57 29 83 57 78 99 93 66 21 80 18 32 24 46 26 64 70 72 66 28 35 15 41 79 22 12 14 64 15 36 29 31 79 25 40 28 97 20 13 29 30 22 21 38 68 58 32 59 30 68 81 22 81 82 25
55 11 33 48 69 34 57 37 81 81 27 40 88 15 67 95 54 21 37 83 82 33 11 50 22 37 83 57 44 24 32 35 96 60 87 97 44 48 91 32 51 76 36 77 15 33 28 18 69 91 20 26 24 52 69 40 91 87 31 10 49 38 86 59 91 66 95 25 58 17 41 12 27 42 95 21 13 72 77 84 19 14 19 95 27 97 45 80 87 91 33 36 36 63 30 98 58 78 95 49
16 73 11 55 19 76 78 62 85 41 94 95 45 24 67 10 37 57 67 28 32 21 99 62 49 59 74 11 64 81 81 38 39 36 92 76 47 46 83 50 95 37 62 23 50 20 65 92 86 57 20 61 92 41 43 91 54 58 51 83 54 33 54 82 98 56 71 95 12 63 49 99 90 15 64 32 77 34 62 84 83 61 69 26 66 50 50 31 20 46 55 52 96 25 90 11 50 54 43 41
87 84 52 61 67 26 11 84 39 32 22 34 68 81 17 61 88 96 59 45 58 36 99 81 83 75 63 84 65 38 84 20 82 71 46 61 61 13 27 73 48 65 84 50 88 31 44 71 67 28 39 41 83 63 42 59 91 45 95 47 39 32 29 82 57 85 49 59 50 68 86 96 61 80 17 13 54 61 72 82 48 97 12 67 50 72 32 89 22 58 45 90 47 24 40 80 65 26 38 21
66 67 21 27 31 71 48 24 75 11 38 74 84 94 71 95 98 11 41 18 55 25 40 65 33 81 44 58 60 79 43 65 42 76 92 94 69 95 55 66 24 67 90 98 35 24 21 43 59 74 69 28 93 80 26 33 87 66 89 31 68 67 72 86 15 41 85 20 95 98 29 78 27 99 59 10 80 30 37 27 11 91 16 12 16 46 32 32 82 46 57 17 22 36 87 40 97 45 40 56
87 96 43 72 44 40 72 19 18 27 43 11 23 17 35 92 80 75 59 34 13 47 69 11 19 54 55 65 35 14 95 32 76 13 10 54 21 80 10 48 78 61 89 11 24 70 16 96 11 70 93 27 24 61 89 66 15 44 13 32 28 46 49 84 53 25 37 32 19 37 12 68 86 64 23 48 94 51 27 90 39 67 63 47 98 45 15 51 61 96 37 31 85 73 91 97 71 23 35 55
30 33 41 11 74 70 54 55 29 29 54 66 49 44 85 41 47 17 22 55 46 43 72 98 14 45 32 96 31 43 69 71 12 63 57 54 14 74 66 97 49 74 79 41 14 63 81 87 92 67 83 90 92 47 84 44 94 72 68 66 41 26 20 26 22 91 48 75 66 49 44 50 63 62 75 58 55 52 38 81 59 15 85 61 48 47 31 28 63 33 85 39 94 84 97 24 44 90 82 36
62 36 81 88 31 65 45 22 76 47 14 54 11 35 68 70 45 30 22 98 83 84 77 12 97 98 42 75 46 33 64 44 26 64 71 75 81 95 79 50 45 54 45 57 27 58 46 86 12 85 74 17 26 43 86 14 85 45 34 31 83 17 76 64 25 22 89 64 81 23 87 77 41 97 69 62 94 42 96 49 42 20 94 55 54 62 20 57 69 89 99 62 44 64 30 46 25 31 57 88
69 27 14 71 93 83 25 18 99 37 47 81 32 77 67 97 76 99 95 63 96 60 42 12 38 53 68 69 27 49 46 58 76 48 94 29 82 51 50 61 65 29 23 36 14 47 65 43 51 81 48 44 84 19 83 66 88 28 35 76 22 59 12 90 28 93 79 31 48 60 85 75 52 48 61 30 91 20 98 19 50 63 93 29 94 98 83 61 92 48 50 28 43 64 37 69 41 32 90 13
35 94 24 92 22 85 92 93 42 23 84 86 13 77 34 83 74 71 14 47 54 87 54 11 79 47 92 93 70 62 54 96 30 98 95 62 92 65 61 46 25 18 96 43 97 41 13 47 17 81 79 98 98 83 60 37 91 25 29 87 24 89 35 30 33 63 26 14 30 36 77 83 42 20 28 10 83 67 23 54 31 52 34 53 44 84 14 32 57 44 75 28 26 95 27 64 84 31 63 33
31 85 39 28 93 40 74 81 58 84 86 77 73 11 15 39 14 45 35 67 13 76 98 84 23 13 93 23 94 89 79 96 16 45 13 26 39 88 58 71 15 92 22 83 30 90 94 10 50 98 33 71 33 89 80 28 47 85 86 60 56 10 26 54 43 63 64 93 97 58 16 33 35 91 24 77 51 97 97 56 62 23 68 52 54 95 63 60 28 87 45 68 95 56 64 45 87 67 95 37
28 17 42 68 40 67 60 49 71 24 30 21 54 33 68 84 32 52 80 80 51 87 43 51 90 92 64 63 56 50 95 98 64 87 49 20 51 26 82 95 17 45 21 59 43 22 51 66 11 35 43 65 81 54 31 45 23 32 91 41 52 39 81 18 26 83 16 96 69 12 24 33 84 46 88 55 51 18 25 14 33 78 93 35 31 21 18 83 14 12 47 78 37 56 93 79 43 90 26 44
54 84 80 82 21 46 39 23 61 28 62 79 96 15 49 89 13 24 89 21 46 33 35 68 79 80 25 14 70 49 63 18 69 82 28 25 63 68 36 32 46 81 59 38 95 74 61 91 83 65 82 95 61 36 10 74 96 59 50 33 46 48 19 53 33 70 20 64 62 81 85 55 65 53 18 45 85 23 21 86 15 73 21 95 67 14 26 42 20 16 98 78 31 45 23 72 82 28 27 66
13 25 41 43 50 69 13 67 15 72 20 34 92 81 35 18 45 12 81 15 31 93 37 13 17 75 88 37 60 44 55 39 83 51 27 30 38 64 54 18 57 93 54 46 22 78 30 38 85 33 30 56 41 76 25 70 51 13 73 22 12 62 35 94 31 14 46 20 21 14 17 26 97 64 68 38 88 27 58 26 76 30 89 55 70 88 67 49 83 38 43 77 45 21 45 65 56 24 44 82
29 11 77 37 96 95 95 50 96 84 30 28 66 78 22 63 68 97 62 51 51 82 43 50 88 25 74 33 34 95 37 89 67 50 11 35 69 65 87 29 53 10 98 31 24 87 72 82 85 37 87 82 96 63 84 47 77 95 29 98 51 77 63 47 50 14 26 15 71 15 91 64 45 70 36 59 98 84 47 97 76 13 26 61 14 42 83 84 21 13 62 91 50 62 37 37 16 53 53 58
31 81 39 27 50 17 16 72 79 19 26 21 46 51 30 68 50 65 83 96 80 37 35 59 68 11 12 63 36 15 56 40 96 28 74 25 60 61 80 37 52 28 55 31 24 41 54 65 69 16 63 57 88 81 34 21 93 44 31 77 55 37 71 45 90 71 94 78 55 33 30 15 18 97 70 32 92 87 91 33 85 54 38 31 30 48 18 92 21 59 14 64 99 76 39 89 36 39 56 90
60 82 77 26 24 91 51 53 23 48 33 56 71 92 87 61 89 58 24 89 12 39 35 76 62 79 39 70 39 36 42 36 54 61 55 49 76 11 65 75 66 23 88 17 16 71 67 82 60 99 33 30 18 90 35 48 85 92 37 63 70 69 56 90 90 12 28 66 32 20 17 81 85 80 87 19 16 37 90 14 16 13 47 35 87 39 38 40 57 67 57 13 16 50 70 84 82 27 13 30
64 41 21 76 79 28 86 48 15 57 66 26 41 31 47 45 71 50 42 33 90 31 19 65 95 75 20 63 52 76 52 62 36 16 35 93 34 70 35 20 87 43 57 74 53 91 28 85 24 89 21 24 11 67 97 45 44 16 62 63 29 80 71 37 89 28 40 83 24 29 53 19 59 49 61 91 34 37 52 83 61 98 10 17 59 33 23 26 14 62 39 75 48 70 56 60 69 94 69 34
30 47 32 90 85 59 27 27 67 72 44 83 66 46 98 31 98 76 77 15 17 76 62 52 50 40 29 97 32 97 55 93 54 47 23 35 34 31 74 72 58 85 43 54 16 87 81 69 89 70 68 94 52 76 82 91 52 50 85 30 64 12 69 42 19 83 50 54 34 44 79 55 55 82 69 16 34 55 76 38 85 46 41 71 17 50 32 93 48 50 91 15 80 26 59 36 41 59 50 84
88 66 19 14 31 37 57 47 42 96 73 73 18 95 63 45 46 83 77 60 97 77 73 75 17 44 96 56 30 80 89 71 75 56 41 50 21 21 19 45 30 84 80 22 31 43 19 97 38 68 91 55 24 44 33 59 97 35 70 45 94 88 31 68 71 74 22 57 25 68 25 73 89 14 48 59 62 12 80 74 46 49 52 22 25 20 96 59 78 17 63 64 15 87 57 79 65 88 97 79
59 93 87 10 20 22 31 54 81 65 81 53 22 44 74 31 83 93 87 96 19 83 15 82 86 37 74 19 31 67 73 28 52 25 72 59 24 83 33 57 90 25 47 54 83 84 80 70 31 45 92 95 78 30 82 18 72 39 55 80 54 60 88 30 62 42 96 67 50 17 73 60 71 47 47 76 27 59 33 54 26 69 72 50 64 87 96 19 80 65 88 16 29 14 14 56 75 81 15 30
27 53 44 53 44 85 63 25 91 11 27 74 21 72 26 80 35 35 14 30 41 44 16 89 53 52 11 24 63 59 98 56 40 14 12 15 20 52 62 55 85 23 49 78 65 28 15 23 84 21 75 21 94 95 75 75 13 37 36 69 31 46 78 90 96 35 98 26 71 55 78 59 90 76 95 24 59 21 29 19 90 34 67 82 14 77 38 64 54 94 15 30 69 12 61 91 54 97 88 36
78 24 23 46 37 32 30 45 31 19 79 51 70 68 23 51 72 73 33 88 78 16 81 98 55 52 41 81 37 18 30 61 32 16 96 31 34 11 80 64 70 12 11 81 72 74 35 97 17 54 25 66 48 41 75 91 96 34 18 89 60 90 92 94 72 77 87 44 30 50 39 23 27 92 11 79 91 48 85 37 45 82 77 21 29 84 42 69 95 75 93 93 20 78 83 49 56 24 12 71
70 39 54 44 22 19 82 86 16 59 64 37 45 16 39 67 16 17 19 84 17 35 77 95 68 20 60 27 35 52 85 92 28 94 47 42 32 36 21 61 50 78 11 28 71 45 93 61 59 11 13 26 56 90 44 29 89 90 52 82 55 76 55 54 13 98 65 83 38 90 32 51 50 69 18 50 95 61 50 77 43 95 22 69 87 70 66 23 86 83 43 45 62 33 23 11 69 41 82 94
63 92 13 37 25 85 75 36 38 51 18 83 48 79 95 92 75 65 42 88 79 22 60 44 86 69 72 71 65 62 49 29 27 28 31 44 37 94 47 44 24 13 43 98 25 48 60 57 18 76 44 88 38 53 68 77 82 75 89 93 25 57 69 83 99 11 46 46 75 65 98 70 53 77 19 62 40 58 42 59 94 43 19 43 33 52 43 35 37 91 85 93 21 92 31 16 86 25 79 36
22 74 48 52 13 14 55 30 23 31 53 83 27 77 47 91 40 13 65 72 52 43 60 29 41 77 72 65 47 29 77 42 93 82 69 80 32 16 29 61 66 31 47 89 72 48 12 55 98 97 87 45 21 25 31 56 13 84 73 55 70 91 55 48 88 18 59 18 34 84 76 38 13 37 67 56 90 69 65 22 51 12 97 26 65 98 25 41 23 69 95 11 17 17 16 61 81 80 62 15
43 30 71 18 21 35 20 96 69 53 21 61 42 12 31 18 86 98 50 15 13 94 33 90 75 76 13 57 50 81 39 71 73 23 49 65 42 79 44 92 21 92 82 40 13 90 52 32 22 50 65 45 48 55 54 27 80 36 82 48 39 31 23 49 66 23 91 44 36 48 18 72 42 50 14 96 87 35 44 81 98 71 85 19 33 50 39 80 66 79 26 48 98 83 69 19 11 85 17 15
41 80 53 63 13 74 21 44 36 64 68 57 85 25 82 47 25 60 31 60 77 68 13 18 23 44 97 74 47 59 81 27 36 36 71 67 60 54 17 36 56 42 68 46 89 48 72 39 62 98 88 95 74 78 92 52 78 48 19 54 68 48 81 87 77 50 10 37 67 12 58 47 22 31 66 81 95 66 19 94 49 77 19 69 69 61 58 74 88 10 32 38 37 61 80 56 29 49 80 50
61 25 46 53 78 22 29 40 88 85 45 98 65 16 79 59 63 22 56 20 38 59 91 28 76 13 52 35 40 92 26 50 46 27 63 42 10 43 65 56 53 94 57 67 43 86 13 39 26 45 69 58 38 15 36 34 22 43 20 61 82 34 48 52 51 80 59 40 79 53 11 50 84 33 94 50 81 63 83 62 42 91 87 21 20 36 56 45 59 89 82 83 24 88 51 18 48 70 17 55
80 97 19 60 16 21 53 85 56 88 12 37 31 75 73 56 75 96 70 18 63 48 58 99 98 59 74 52 97 13 38 63 85 53 16 44 46 91 94 47 73 55 96 81 45 63 61 98 27 43 39 21 63 22 17 50 52 34 32 99 48 50 19 43 12 61 60 70 27 65 12 16 55 77 70 25 40 14 20 35 40 46 71 38 64 12 40 11 47 54 57 93 93 26 85 29 32 11 98 57
32 17 42 90 68 32 20 53 18 47 95 25 13 29 33 41 75 57 48 11 84 36 60 15 22 53 66 23 30 50 57 39 27 45 59 82 67 80 41 43 83 44 73 72 25 46 21 55 30 55 82 37 63 15 34 98 79 99 78 65 79 56 94 18 25 33 43 43 59 45 52 94 85 89 38 35 46 49 72 74 88 12 28 35 37 76 72 39 51 55 18 86 33 65 84 98 98 83 76 92
47 36 26 94 34 96 10 62 40 55 51 19 66 35 37 10 34 66 38 28 36 54 63 52 37 27 21 16 20 79 94 15 37 71 50 62 66 74 44 35 49 64 41 22 67 17 51 33 23 75 57 79 75 78 93 94 65 19 98 24 43 70 88 73 37 93 47 51 80 48 44 71 20 97 71 91 43 21 40 59 53 77 59 10 30 83 94 12 77 33 19 30 92 51 30 86 86 56 47 29
45 78 71 18 95 12 65 96 73 58 15 49 83 24 24 69 52 20 30 60 55 72 25 14 94 76 52 72 70 86 89 83 27 17 39 84 27 66 79 33 63 11 25 57 30 74 66 64 74 93 86 77 64 51 72 52 82 76 39 33 18 92 83 85 92 89 94 16 94 74 62 66 66 18 88 97 56 58 78 61 92 51 58 57 64 22 28 88 72 73 77 15 94 91 22 73 63 39 70 63
53 32 74 28 17 92 33 79 15 58 78 22 60 83 18 66 11 71 58 17 25 43 13 79 67 12 47 57 67 60 25 17 29 89 82 39 23 59 66 84 20 48 77 24 87 26 58 70 85 69 36 62 63 16 23 81 12 15 94 39 10 44 12 83 70 64 52 18 21 92 28 40 24 92 66 44 95 77 83 46 85 63 81 69 47 26 31 86 59 97 91 27 48 19 97 49 14 97 19 32
92 43 17 33 28 27 21 95 69 98 71 89 12 88 33 29 21 54 36 37 36 56 67 36 29 65 38 35 97 79 93 47 27 72 26 61 46 82 96 37 77 60 24 68 52 73 31 60 15 55 50 95 56 95 13 53 14 88 58 97 97 19 20 23 56 16 35 51 54 72 31 95 35 18 61 46 49 92 76 48 65 56 33 96 65 46 57 39 15 14 43 15 64 22 69 29 46 70 89 81
74 64 22 46 22 89 53 79 95 42 28 46 48 57 34 53 60 55 86 77 39 28 61 34 66 21 44 49 50 20 67 81 77 28 45 48 71 95 83 74 27 35 30 48 65 80 80 42 94 83 38 84 76 97 54 89 13 48 61 93 79 17 65 95 38 80 25 75 69 56 83 15 78 55 61 27 27 60 46 32 84 43 40 61 27 74 24 87 74 22 60 81 53 23 52 63 20 19 55 55
41 84 63 42 47 15 82 39 82 23 63 87 73 85 65 84 69 49 75 86 42 46 74 73 18 20 55 12 49 37 56 26 61 10 44 59 74 16 64 97 47 54 30 68 81 70 66 72 73 64 64 37 39 70 94 73 74 98 94 92 36 39 81 11 49 63 68 43 85 11 12 44 72 41 83 70 86 29 60 60 97 86 95 14 31 18 88 43 44 53 34 76 48 44 66 69 55 18 29 62
33 65 53 12 32 98 53 23 70 45 99 43 69 97 26 80 31 19 75 33 49 51 27 59 66 82 44 45 43 47 11 73 71 84 73 53 86 72 25 39 69 80 60 22 93 30 14 76 64 78 41 54 13 34 61 24 22 63 72 26 33 22 37 23 50 25 44 40 40 76 55 15 28 61 71 77 50 17 66 42 86 13 69 47 20 72 99 97 29 71 96 57 75 55 77 49 89 29 24 63
57 78 39 46 64 87 42 78 40 64 90 20 73 96 58 51 73 35 16 95 26 22 92 28 38 56 49 54 94 20 48 82 96 42 17 32 64 39 24 68 65 61 59 95 17 27 27 78 92 61 61 18 62 45 23 86 92 76 86 47 98 67 58 81 22 77 57 69 87 10 95 37 74 87 82 12 63 87 26 95 92 33 17 81 32 68 20 25 20 28 22 59 24 22 48 58 29 85 47 62
44 77 26 31 57 64 93 28 93 33 30 27 12 51 80 35 35 44 29 67 53 15 95 35 40 97 91 30 73 56 47 62 10 23 91 90 22 36 39 26 34 78 18 32 20 96 50 67 95 64 93 64 19 84 94 60 46 78 95 76 31 57 95 42 12 28 92 19 11 22 25 43 98 20 68 63 46 91 60 20 77 82 15 42 85 51 13 39 36 72 56 23 72 40 43 89 71 19 23 32
65 61 68 92 15 35 41 73 91 60 76 51 17 23 20 13 74 25 45 42 26 64 85 81 58 37 58 21 60 64 73 44 53 70 83 16 78 79 68 70 32 37 80 26 40 41 65 75 19 86 45 90 53 95 22 19 87 44 91 27 23 74 47 42 58 97 83 23 90 32 17 39 92 56 25 12 34 14 18 33 97 59 76 77 65 27 42 48 68 20 96 53 99 29 78 15 73 70 64 50
58 56 65 43 96 76 88 81 36 77 97 70 67 68 26 44 35 73 52 22 47 51 26 87 83 87 94 66 34 38 35 78 63 16 43 87 96 57 94 49 81 11 72 50 26 95 27 42 52 69 68 31 50 87 19 63 35 65 80 25 49 60 32 58 83 92 71 85 88 81 93 50 15 69 60 86 23 27 53 11 65 28 59 55 26 14 31 95 51 77 64 80 88 16 29 92 46 93 86 55
51 13 77 51 75 75 15 58 15 41 14 65 44 76 22 66 23 48 78 91 31 53 26 67 34 60 97 38 39 51 97 96 32 40 59 86 48 21 78 52 44 88 29 11 41 76 31 50 68 44 63 10 21 31 99 24 49 11 96 53 97 64 69 90 66 64 50 39 37 70 83 57 61 80 22 89 18 60 86 85 87 58 62 44 91 70 63 23 14 19 30 43 29 60 95 68 26 81 20 75
37 21 83 94 17 56 25 55 25 37 96 43 34 17 25 79 30 88 90 41 86 75 15 79 51 67 48 26 55 48 12 35 53 77 31 32 15 78 30 97 73 44 14 82 31 78 38 41 81 44 87 60 15 84 11 29 53 33 86 88 17 32 29 58 44 81 18 83 69 56 13 78 28 90 51 88 39 40 62 36 20 98 12 13 83 59 28 48 90 89 42 14 34 25 51 74 12 82 50 39
84 85 61 72 57 40 18 83 94 43 55 27 62 67 48 10 17 58 72 19 16 90 76 77 12 16 12 10 24 39 34 68 84 23 14 82 31 26 42 74 59 23 14 11 23 96 57 90 76 48 23 69 61 79 89 27 76 97 96 23 67 31 21 57 61 70 15 61 70 27 94 46 16 34 63 18 74 97 32 89 82 22 47 63 29 92 85 12 36 96 40 30 88 65 19 60 57 40 48 18
80 13 81 76 54 25 98 70 29 83 91 62 44 23 94 75 69 28 48 11 40 33 80 61 38 29 55 85 64 68 48 57 80 47 74 23 79 19 46 10 89 41 76 71 15 73 87 15 74 10 89 15 43 78 95 68 24 56 75 27 92 62 30 18 42 79 54 94 76 99 56 54 94 56 98 73 68 82 42 40 39 77 52 14 88 40 28 44 67 40 35 66 87 27 59 36 32 62 23 33
57 56 49 15 31 95 34 96 16 31 91 43 17 95 88 34 28 21 67 25 91 53 71 13 77 72 47 87 28 44 40 13 86 32 79 33 50 64 29 87 60 30 66 64 38 52 21 52 98 14 60 83 82 28 58 64 35 60 84 85 84 94 90 36 94 62 87 93 77 18 75 62 59 77 51 69 58 97 10 67 87 36 24 36 37 93 52 83 24 85 14 60 15 88 29 30 77 91 75 14
37 13 64 58 77 55 76 93 99 40 20 50 61 21 21 69 95 44 50 61 75 11 76 78 32 54 82 61 68 58 18 92 92 45 13 16 55 40 32 56 13 38 16 57 46 68 61 91 22 10 65 29 37 87 13 66 89 99 55 83 48 95 98 40 87 31 16 30 39 57 72 56 24 63 80 68 35 59 62 14 57 99 67 53 16 57 42 69 74 65 72 11 13 59 16 98 40 16 46 79
30 79 33 67 27 49 59 98 68 51 77 74 27 32 13 83 25 83 52 44 39 52 16 18 20 63 24 30 77 17 24 68 61 80 71 71 30 64 98 23 44 75 45 35 66 70 52 50 60 31 52 17 38 73 70 97 11 60 66 45 85 38 90 54 61 40 95 44 64 53 87 51 40 65 64 75 80 59 48 95 84 46 39 26 52 25 19 70 30 80 94 49 13 66 30 34 58 72 13 71
93 94 52 60 95 25 32 61 77 92 84 93 53 92 46 39 36 21 33 90 65 96 58 17 58 25 70 98 20 21 84 55 30 28 85 82 67 14 70 51 37 75 72 56 70 90 76 99 24 27 45 49 99 51 69 92 36 50 84 32 68 60 91 23 50 62 91 83 40 28 93 98 27 42 63 24 91 44 64 46 19 78 38 31 26 78 46 69 57 27 85 20 30 72 88 48 36 15 45 56
79 36 46 21 89 79 99 39 61 41 11 71 36 75 97 73 94 65 44 52 43 82 76 35 81 32 39 18 45 52 51 20 74 61 48 84 86 61 26 72 29 85 49 30 77 20 88 47 53 15 92 57 42 86 20 92 40 47 97 95 40 17 31 92 80 45 99 35 75 86 99 18 57 23 64 81 71 19 92 83 14 59 54 11 60 43 82 59 29 47 76 15 73 45 53 63 84 30 71 73
96 91 44 69 58 72 31 77 66 95 84 52 75 40 47 90 45 98 70 49 75 55 79 80 47 48 29 43 34 52 85 86 35 14 28 62 73 35 32 62 97 23 68 80 29 30 23 73 74 96 45 96 91 98 11 52 29 20 62 66 67 42 88 90 17 89 42 88 38 42 20 58 79 82 82 28 61 42 28 20 24 45 52 95 73 22 31 89 65 94 60 62 21 77 41 40 22 41 71 91
