100
56 19 12 94 75 20 39 31 70 54 55 87 49 61 20 18 87 33 37 58 13 26 13 89 97 68 42 53 87 12 40 10 60 43 77 90 30 39 58 98 98 46 15 73 72 12 62 70 15 73 61 62 54 77 42 51 58 52 66 44 31 53 61 13 70 59 68 33 58 36 79 67 56 17 60 83 78 52 60 90 66 82 36 33 91 59 60 65 23 63 19 84 41 27 94 16 84 70 40 88
49 19 20 35 78 81 84 44 45 81 85 53 29 89 19 77 84 75 68 27 34 68 75 60 70 69 13 45 56 75 22 34 54 46 10 69 41 61 14 69 72 84 19 20 43 43 25 23 62 48 57 97 82 41 16 39 30 36 38 98 82 76 70 38 86 44 55 15 93 67 64 37 63 88 35 11 79 71 70 73 47 55 79 81 54 84 68 11 23 41 83 83 46 70 17 90 53 87 45 40
97 57 11 14 78 90 74 35 91 21 77 72 94 31 20 35 24 51 19 69 58 29 59 26 27 44 43 49 13 76 44 99 26 37 59 22 30 21 43 37 77 73 65 17 47 47 89 96 47 63 84 26 76 84 56 41 53 85 32 67 61 89 29 62 29 30 38 75 88 86 44 76 55 78 84 60 98 68 87 66 16 28 92 57 80 13 98 70 85 78 28 12 46 32 58 18 62 76 17 70
55 82 57 85 86 55 51 55 69 26 20 37 79 95 53 63 29 41 95 22 47 22 29 46 45 55 46 49 18 39 24 25 20 86 76 97 59 13 47 52 35 47 21 49 66 54 93 30 62 72 49 36 94 50 89 64 85 94 87 67 20 77 70 37 88 96 39 11 79 48 86 47 75 34 59 32 28 57 56 89 46 34 70 69 54 99 52 51 13 52 29 92 61 17 15 25 46 92 49 11
68 43 34 70 55 44 37 24 21 11 30 45 13 15 32 19 72 84 40 85 99 35 98 35 67 71 63 10 66 26 28 50 37 73 98 49 42 46 18 43 33 60 56 77 17 22 71 14 59 95 50 41 43 96 57 60 67 49 92 75 71 97 93 63 32 48 15 74 45 81 78 50 78 59 88 95 54 28 21 46 77 45 77 71 54 54 93 64 41 50 87 11 79 27 43 63 98 98 67 18
53 81 57 70 71 62 74 70 12 16 30 65 27 15 26 60 61 33 37 94 63 60 71 67 67 50 73 20 98 97 55 37 76 85 68 65 48 62 50 38 32 53 64 79 55 16 89 80 80 72 31 47 19 77 59 57 79 80 54 30 89 62 59 19 38 14 70 43 98 44 47 29 41 81 34 30 28 27 28 61 12 47 91 55 22 53 65 54 15 29 71 87 84 17 87 68 19 29 93 11
62 75 75 93 99 34 18 91 24 96 45 41 60 89 70 81 57 51 93 82 84 44 49 15 82 72 37 25 73 11 51 89 91 81 20 80 68 71 86 32 49 64 66 45 85 84 90 92 86 23 82 79 57 44 56 69 29 95 21 87 85 59 12 46 31 89 42 79 85 22 54 77 84 42 12 39 25 67 87 61 42 54 29 48 43 73 41 15 66 24 36 92 47 14 34 76 94 27 84 26
53 36 95 49 30 26 82 83 18 90 59 94 19 51 64 69 99 28 71 48 98 95 17 32 83 33 36 98 44 79 43 63 84 74 60 94 18 15 70 41 72 72 79 34 55 84 59 88 71 75 25 61 67 59 58 93 80 82 59 57 41 78 33 31 54 31 72 86 24 24 12 16 56 69 10 86 30 35 37 94 23 63 78 78 71 47 88 76 81 87 54 20 83 74 91 84 89 41 33 27
45 46 27 70 88 20 62 72 32 93 36 30 68 89 74 34 78 62 98 59 21 32 88 40 19 80 74 35 25 78 56 72 32 70 12 77 24 75 37 42 46 83 20 52 77 39 36 18 36 50 18 60 10 78 47 18 55 44 77 95 59 33 46 88 45 54 91 29 66 85 31 14 91 64 90 18 30 23 91 66 69 18 94 39 42 12 17 19 50 71 23 44 37 80 80 78 80 94 92 85
88 35 16 52 88 49 75 20 29 48 51 57 85 80 23 85 88 45 81 16 23 54 62 94 79 86 37 19 67 16 14 29 95 95 57 68 73 52 37 86 46 71 23 66 26 15 98 24 60 94 78 96 88 78 74 27 50 72 85 54 75 43 68 24 55 75 14 68 84 21 49 46 13 93 52 90 36 84 43 41 14 99 50 35 80 13 95 24 79 38 32 60 40 93 62 12 52 58 44 90
27 92 37 49 61 11 65 14 27 15 86 85 62 64 91 77 88 70 89 84 32 25 19 61 34 65 48 38 71 16 11 35 66 56 98 92 49 90 78 94 90 11 55 86 44 78 61 80 29 83 22 40 18 27 57 39 87 26 33 97 84 59 87 82 86 22 24 40 33 40 81 74 10 67 42 31 14 86 84 41 72 27 97 45 96 45 55 11 63 21 95 41 16 30 83 81 54 75 79 16
27 47 79 71 75 43 82 80 58 41 93 22 42 72 95 12 77 55 72 79 76 83 60 88 73 50 88 23 76 52 87 41 13 40 94 30 66 22 39 38 96 97 85 78 42 64 36 38 78 19 87 98 76 59 75 18 69 48 17 21 67 57 81 29 24 40 59 44 53 45 85 68 86 10 37 29 81 16 47 77 78 70 65 64 80 54 97 61 85 78 12 60 75 38 47 74 25 26 59 43
91 63 44 38 32 87 63 64 96 48 50 86 57 48 10 22 47 59 51 55 86 87 69 32 44 63 90 86 36 30 84 41 57 64 55 88 91 60 65 15 77 21 35 38 77 66 62 60 23 24 80 82 18 61 38 36 40 55 12 94 21 54 70 21 73 39 52 67 24 60 71 66 48 26 48 18 70 93 69 48 31 38 60 90 66 26 16 74 57 76 26 56 75 72 70 58 17 41 15 72
97 22 80 68 83 87 27 43 15 32 80 51 64 39 28 93 51 74 26 43 23 11 63 91 24 92 70 91 89 37 47 47 59 22 16 68 32 20 52 80 18 84 30 76 41 11 84 68 22 58 50 97 26 13 34 70 45 44 22 85 67 88 70 44 61 69 31 63 41 79 61 40 57 10 59 97 81 38 16 32 45 16 63 26 80 68 33 93 16 93 22 33 14 88 30 62 23 44 81 46
75 81 39 18 99 38 22 64 68 61 62 25 18 95 76 76 56 66 84 69 45 88 39 20 98 94 91 55 27 21 48 28 36 81 71 92 92 41 32 93 67 84 37 28 37 75 81 43 55 92 88 54 64 21 94 19 66 49 35 35 41 53 27 59 65 31 60 84 57 12 42 39 99 99 35 50 91 33 98 76 98 95 32 51 67 14 66 41 44 18 85 28 83 28 63 54 87 44 51 20
84 41 30 16 38 18 79 28 59 44 63 80 22 48 92 59 75 89 45 57 36 39 19 68 48 64 75 30 58 89 59 57 20 13 40 62 16 75 28 56 38 61 46 92 81 35 30 41 77 47 25 37 28 73 34 55 46 25 27 19 86 26 33 12 49 15 39 52 21 28 78 31 59 51 63 27 15 91 61 87 71 27 18 66 49 35 41 74 40 92 40 73 12 98 88 16 51 26 45 61
30 41 89 69 24 51 44 59 11 18 86 12 40 56 82 20 97 66 74 55 41 95 76 64 45 19 34 28 33 97 11 17 69 76 46 18 53 90 84 85 37 16 19 11 35 66 17 72 59 48 27 87 67 71 92 60 47 83 32 58 38 18 55 19 18 91 54 70 41 55 60 66 64 10 12 82 79 48 30 40 82 54 57 73 21 73 35 72 52 24 33 23 81 19 29 17 78 65 67 32
81 35 29 69 78 34 43 25 50 62 71 11 39 45 16 54 33 92 62 75 59 55 39 44 86 61 69 29 85 54 77 14 41 45 15 81 47 38 20 29 58 88 24 82 17 72 25 87 32 31 90 53 26 50 11 11 55 70 69 85 31 49 82 13 20 75 67 43 27 63 19 24 56 24 82 35 65 67 91 55 14 66 97 66 40 42 14 12 21 27 38 73 52 80 37 88 49 90 36 96
97 92 94 73 21 83 49 21 63 19 37 15 67 74 22 85 85 21 13 44 71 36 31 91 77 39 60 48 42 37 82 81 81 63 47 30 78 77 65 26 57 83 89 62 35 77 61 83 63 85 67 62 72 51 33 65 91 85 80 58 73 55 65 64 47 62 86 89 54 89 52 47 99 97 53 54 34 60 36 97 70 16 49 70 41 99 34 72 99 42 32 89 72 16 60 18 61 47 42 88
86 86 33 25 88 95 40 39 77 13 26 90 35 86 22 88 20 34 76 87 72 44 58 37 59 42 28 93 78 74 69 60 84 37 69 44 56 23 81 83 62 73 61 37 74 32 26 64 57 96 25 85 20 19 63 33 48 82 16 15 20 37 29 35 39 88 54 25 13 18 58 15 25 38 45 46 39 13 75 67 75 74 64 40 89 73 54 50 20 15 49 87 45 20 77 44 85 98 93 48
97 34 74 61 55 22 14 45 78 36 75 44 72 13 25 87 47 88 32 24 10 78 45 92 97 16 11 67 50 63 60 80 51 43 86 26 37 48 78 49 24 96 16 10 87 20 69 19 20 44 77 33 72 17 90 75 72 69 20 61 47 32 94 22 21 10 93 86 20 28 38 88 12 89 41 40 40 25 67 89 29 55 15 62 64 12 69 45 49 64 70 54 83 41 21 11 63 12 80 32
32 33 51 18 31 45 65 14 24 34 86 42 37 74 84 87 23 81 86 29 92 16 48 24 36 74 19 22 41 92 49 17 80 13 72 60 69 12 57 38 46 98 40 62 58 28 62 29 86 98 72 13 17 29 76 48 34 74 33 82 80 51 74 91 98 82 18 97 81 93 48 86 88 79 92 29 63 59 82 70 18 55 66 41 73 79 73 52 41 57 44 78 71 37 53 56 96 41 34 88
87 66 38 65 89 46 66 45 74 41 15 48 93 18 94 53 42 71 56 87 60 61 31 47 98 28 50 86 16 91 60 83 19 63 35 66 31 22 97 51 82 92 81 89 44 89 74 48 63 55 59 13 42 42 81 92 68 27 67 60 83 73 45 99 25 35 70 24 64 86 50 81 48 62 65 61 76 57 58 92 50 75 29 53 66 87 72 69 94 78 23 58 60 78 86 33 61 23 56 63
78 53 25 36 83 97 50 60 83 30 83 58 82 55 71 22 13 35 94 52 55 58 80 33 86 54 10 38 68 72 83 78 62 37 45 44 67 38 85 24 74 57 34 94 79 47 63 61 56 71 83 43 14 97 13 91 46 78 11 21 97 30 19 64 70 63 39 24 89 87 54 17 59 49 33 35 96 80 88 33 56 42 64 79 83 85 49 75 93 98 65 80 58 48 31 95 65 43 51 59
54 40 27 93 97 91 93 36 17 38 99 56 98 17 34 43 74 82 49 57 51 13 77 14 58 10 63 36 48 63 48 52 39 53 14 48 43 58 12 81 42 49 63 96 51 92 33 39 30 58 52 16 96 89 14 96 13 68 38 36 71 45 83 30 90 81 73 29 58 92 31 46 90 82 33 85 47 62 50 18 84 43 91 20 94 95 49 93 58 63 21 10 10 62 31 89 96 77 83 96
34 78 93 19 91 25 56 82 56 95 17 36 98 95 82 63 10 11 30 33 63 20 13 95 82 23 91 92 92 46 25 71 16 38 52 49 91 82 23 21 11 83 81 51 26 40 72 88 91 80 52 65 68 29 91 13 79 66 89 81 22 87 36 65 99 23 96 55 50 64 43 58 77 70 14 59 97 39 28 35 93 77 61 23 90 17 78 23 12 55 49 61 90 14 72 40 36 68 36 53
27 17 71 11 25 29 31 84 25 61 85 23 99 70 85 48 31 93 71 87 18 40 72 89 68 58 48 83 29 41 27 38 42 65 31 96 96 11 66 34 47 43 81 36 49 14 36 80 67 52 75 83 50 22 71 70 43 79 10 53 31 69 95 55 23 61 51 49 98 61 44 96 32 10 75 79 17 48 20 83 33 41 13 46 82 52 43 54 25 51 25 34 86 91 78 26 91 44 81 23
46 74 15 59 78 60 77 10 87 12 41 67 13 56 97 67 56 20 89 26 11 88 45 36 82 57 49 77 16 79 27 73 13 89 35 56 38 84 82 84 21 24 16 31 11 43 79 70 52 72 35 48 65 94 71 52 10 44 19 98 39 56 84 90 95 56 12 68 32 30 59 99 21 17 75 22 62 22 36 42 20 11 25 83 12 24 84 89 41 17 26 38 68 80 78 34 55 95 17 56
67 16 81 96 33 83 80 67 19 90 26 40 86 48 56 23 24 53 67 42 90 30 26 12 19 11 56 16 70 66 83 18 71 20 69 63 36 92 74 79 69 73 62 37 94 69 12 20 71 63 50 35 11 36 72 35 15 13 98 42 27 32 12 92 31 26 96 94 67 18 59 45 72 50 13 17 61 52 20 86 27 55 42 60 40 13 43 52 38 36 85 83 53 33 21 95 76 77 25 16
39 14 53 78 30 70 47 13 39 80 22 31 55 67 52 98 19 41 65 46 30 29 81 95 73 60 81 59 83 11 61 57 78 12 20 36 45 70 71 32 30 27 93 53 78 21 65 72 12 26 97 93 57 12 94 68 12 18 18 91 94 44 69 22 28 92 39 49 68 67 25 39 72 73 92 91 43 77 82 12 78 93 11 55 84 41 14 85 88 29 58 71 46 73 79 37 36 22 51 14
84 82 77 62 94 96 43 64 59 46 25 36 31 62 54 83 24 44 48 65 87 22 33 39 70 49 37 87 55 74 24 86 11 42 22 55 87 65 24 15 67 69 66 20 58 37 48 70 48 39 41 61 94 51 58 73 90 12 27 21 45 91 66 43 40 25 67 68 17 16 41 44 63 54 67 31 36 36 83 14 79 40 24 89 19 87 85 51 94 12 61 94 13 35 50 95 12 62 47 63
81 34 17 48 62 64 78 78 29 55 69 83 61 35 24 53 19 60 34 39 30 90 94 42 33 86 49 66 90 48 62 38 22 96 32 58 16 37 69 58 19 33 53 18 56 73 65 79 62 76 77 17 95 43 57 38 26 21 42 32 27 59 23 77 81 58 21 59 89 43 19 92 21 46 90 88 37 17 18 12 77 99 17 68 81 75 16 95 38 11 15 64 68 19 73 44 41 45 70 94
57 74 67 93 53 60 87 50 33 37 44 25 17 25 95 73 98 58 91 13 54 78 96 94 18 42 20 71 35 64 51 22 38 68 74 85 33 41 37 30 64 93 46 31 28 85 40 43 35 52 52 55 11 73 28 94 22 34 57 69 74 15 44 68 95 77 90 85 53 30 97 53 21 87 40 48 21 53 12 47 42 66 64 97 54 50 31 16 33 77 65 45 40 13 42 94 18 38 92 66
24 52 28 66 82 55 95 66 30 46 32 39 93 11 36 79 10 29 95 70 36 87 55 42 15 99 65 83 17 67 17 48 65 94 27 45 69 52 14 72 29 45 99 87 16 20 15 82 14 45 53 11 41 75 72 59 16 68 36 75 47 96 51 60 88 14 53 62 34 56 20 84 29 67 72 39 13 44 61 80 50 31 15 25 58 17 85 48 69 84 92 80 64 30 29 49 86 90 28 60
53 86 92 62 17 65 48 11 29 85 90 63 96 80 88 93 53 54 86 34 79 65 72 48 87 14 68 85 98 83 59 63 30 15 75 77 27 42 32 73 96 30 52 84 56 94 58 85 31 18 89 72 28 27 89 50 87 59 68 25 12 93 77 89 68 34 84 29 44 70 44 85 24 34 94 76 93 21 18 48 63 24 53 73 95 66 63 68 82 63 70 40 13 78 77 11 22 31 17 14
80 46 92 33 96 41 93 81 15 55 87 49 27 41 39 80 97 46 64 48 49 11 56 72 25 49 10 54 51 31 76 95 35 53 85 10 11 20 33 55 19 19 79 13 44 46 62 41 82 43 86 92 74 87 71 47 14 22 57 65 22 98 30 42 37 25 28 29 37 66 66 62 49 43 58 73 69 48 21 50 71 32 57 14 35 86 78 77 16 52 13 41 46 94 21 77 12 95 31 35
17 60 37 61 94 34 15 55 98 36 85 60 68 42 32 86 49 28 53 56 70 79 38 69 36 28 53 20 56 81 69 23 26 90 92 14 20 85 16 63 42 85 84 13 65 12 84 19 48 17 97 28 89 72 56 56 72 12 55 35 42 65 62 55 14 41 71 86 29 83 34 81 20 70 44 77 28 81 28 38 95 28 71 39 51 64 39 84 44 19 11 47 33 65 36 18 69 73 78 95
62 23 87 53 54 34 79 96 59 91 74 20 84 46 51 55 19 75 39 44 75 63 62 20 48 30 19 43 14 23 48 67 52 43 52 82 34 99 20 50 61 13 81 95 60 80 19 27 27 88 63 55 48 52 18 36 54 18 22 52 93 55 30 29 32 32 54 70 58 58 14 75 83 16 52 94 72 11 28 51 48 58 24 21 31 25 21 30 60 72 11 98 81 99 64 23 23 87 74 97
87 20 71 11 44 53 36 92 22 37 31 83 38 69 69 41 82 18 36 52 43 16 49 23 71 17 49 26 44 45 43 79 68 23 46 27 91 74 49 83 59 89 26 65 96 64 68 81 30 39 12 34 93 97 60 14 62 96 53 57 61 19 84 53 43 33 68 56 93 69 38 21 67 63 88 79 89 34 64 69 66 55 32 56 58 56 14 25 55 77 74 43 88 25 53 74 64 86 83 26
87 49 95 96 31 38 23 28 42 18 19 45 61 91 80 66 21 80 18 22 55 27 35 30 42 67 53 25 30 80 52 79 91 21 80 51 99 38 38 74 46 64 43 40 35 90 29 92 68 37 30 39 81 66 20 35 69 31 33 14 91 91 41 20 21 15 26 50 49 45 98 61 24 32 61 71 70 17 54 67 68 18 54 97 25 23 67 26 13 13 73 64 69 95 71 81 26 84 99 53
26 51 37 79 46 15 45 16 13 86 72 85 64 12 84 25 79 66 72 57 92 41 92 56 34 23 84 28 18 77 48 25 94 73 90 44 39 66 41 33 63 92 63 98 95 11 37 96 21 75 12 72 76 41 39 70 26 56 36 54 12 35 18 77 31 84 60 34 19 83 52 80 28 19 12 53 85 32 77 21 89 98 24 84 34 28 64 74 91 62 37 76 81 70 93 23 42 44 19 97
28 25 87 34 57 45 43 81 80 98 89 84 84 23 17 73 73 35 81 15 68 59 14 83 61 80 43 56 33 43 22 42 56 74 75 85 25 28 62 89 70 90 50 44 15 10 68 52 96 58 58 86 95 83 77 73 53 26 40 63 56 96 90 69 91 91 51 59 15 67 55 62 13 41 16 60 38 63 65 90 38 50 95 85 90 79 37 62 46 32 85 31 78 74 87 45 22 31 40 51
43 51 48 27 15 43 52 96 73 17 12 72 21 48 59 60 82 94 34 92 53 83 75 18 26 21 38 17 89 60 17 29 85 25 19 34 63 21 60 12 85 86 65 93 79 84 78 25 56 73 44 41 59 17 26 23 26 86 33 78 58 62 62 48 39 67 88 62 64 59 45 54 24 14 35 29 32 59 47 59 57 14 16 65 59 59 40 92 28 34 31 76 47 84 58 53 60 28 62 21
95 22 21 53 87 42 65 36 27 53 82 35 23 65 56 61 57 89 98 89 93 42 89 49 24 78 66 25 67 66 96 64 41 44 47 68 59 60 51 47 59 66 32 19 30 85 88 32 22 55 97 54 95 45 47 83 32 38 84 59 27 18 14 93 52 73 15 39 31 44 83 32 15 42 43 49 35 15 23 99 48 29 21 63 11 50 32 90 11 44 22 78 95 82 23 62 23 69 55 26
47 66 59 52 31 20 47 16 35 50 93 13 62 42 90 22 36 86 74 24 33 72 65 60 57 76 12 65 55 84 48 46 42 59 37 96 19 20 86 97 65 53 66 68 24 49 86 77 52 22 51 52 67 38 62 50 31 81 71 32 48 51 44 37 79 11 40 62 81 80 48 70 40 76 96 66 84 31 30 67 41 72 45 89 39 46 59 71 36 24 81 94 11 19 93 78 59 68 15 48
92 24 13 76 49 68 30 44 26 68 95 86 33 62 42 21 42 74 34 39 46 86 66 19 54 21 90 70 16 79 49 99 43 72 89 26 46 24 75 97 17 15 75 91 85 91 71 22 86 74 79 44 79 52 88 57 17 23 84 47 19 17 26 75 65 75 44 82 41 58 15 63 40 41 39 49 98 76 62 53 49 59 18 88 66 88 87 76 49 65 12 60 15 38 60 32 42 17 93 64
11 29 80 37 97 74 37 37 45 57 68 59 28 35 92 86 56 58 42 14 20 63 35 27 50 95 92 61 50 72 92 40 22 77 91 30 49 58 62 36 53 21 25 94 73 72 37 23 96 50 66 30 88 58 16 49 90 61 11 38 13 52 59 84 81 45 32 33 81 84 93 94 15 39 85 94 52 14 72 34 27 58 99 43 61 40 29 96 53 57 91 97 43 52 13 20 94 85 94 54
29 16 77 68 48 95 77 64 64 10 88 75 38 94 92 33 84 97 47 22 26 73 49 33 48 81 10 87 66 66 35 24 36 16 77 31 41 22 96 51 61 16 96 80 63 18 89 61 40 42 66 13 19 70 62 40 91 71 56 62 39 26 83 76 53 70 78 91 66 36 27 94 46 50 79 77 65 64 45 84 76 86 14 22 61 44 22 34 86 34 99 14 83 65 60 98 45 47 82 92
86 78 61 68 49 56 68 59 50 24 48 12 87 77 63 35 59 90 12 85 10 81 28 34 86 32 15 92 93 94 82 66 53 60 69 55 99 72 30 48 55 97 58 30 26 86 43 21 80 89 86 40 18 92 52 81 14 61 68 28 19 98 63 63 25 79 83 23 12 55 38 50 76 86 88 82 81 80 44 93 14 39 59 71 89 34 76 19 18 75 22 33 70 52 63 57 76 13 37 80
42 77 18 83 89 68 76 94 80 51 29 13 17 84 50 76 92 39 22 89 82 22 85 84 26 42 71 69 82 50 71 41 65 57 52 55 57 50 34 10 71 32 23 66 95 68 34 15 96 48 87 50 32 12 93 61 18 21 88 44 86 85 57 98 57 79 59 93 44 62 27 47 12 66 56 29 36 61 50 28 39 73 74 51 52 38 35 40 44 46 29 14 52 94 80 72 18 47 40 46
79 30 11 15 58 43 79 53 43 38 75 36 65 60 83 54 12 50 53 94 63 42 69 76 58 26 89 94 75 42 73 66 85 58 30 94 11 86 38 56 67 92 84 13 76 46 73 56 46 20 38 43 53 41 31 21 95 15 28 74 49 80 29 42 12 96 49 60 32 24 97 89 62 64 39 71 97 39 97 66 62 17 69 45 67 47 48 21 72 38 19 15 64 25 11 87 83 73 46 17
42 10 82 57 49 83 94 45 21 42 88 39 15 46 16 82 18 52 66 92 56 75 18 18 17 86 70 50 28 79 83 49 43 82 40 47 41 70 82 45 84 18 11 31 92 36 80 66 59 70 81 63 67 50 26 11 53 56 26 67 56 15 58 44 55 12 17 26 87 25 71 64 72 11 31 44 19 38 88 40 88 42 71 53 52 73 96 11 61 60 19 70 47 57 60 79 21 27 83 47
28 13 49 81 70 32 92 16 78 11 63 13 21 62 91 59 53 41 17 42 25 20 50 13 73 60 78 55 88 74 97 57 45 95 14 45 22 92 23 38 15 71 70 96 58 49 43 50 68 63 21 89 60 25 78 83 28 83 15 85 73 64 40 81 33 12 74 21 39 74 58 61 25 18 93 30 79 90 87 23 77 61 91 84 23 81 80 78 24 79 82 64 24 87 61 74 92 62 26 19
41 46 95 73 73 31 23 75 65 67 23 92 81 13 46 84 42 97 98 50 75 53 67 98 20 36 64 38 44 44 93 38 69 27 92 80 72 95 78 16 55 35 11 70 38 44 63 11 93 70 44 24 78 31 48 52 89 93 50 18 47 23 99 42 42 35 99 77 87 86 24 27 24 59 17 10 15 94 81 66 21 28 37 30 56 34 82 75 50 88 36 74 47 32 88 50 47 51 75 43
39 70 99 57 99 54 95 67 78 43 67 11 71 13 20 27 54 67 41 87 87 92 18 12 33 38 17 69 60 64 97 47 48 11 22 36 61 89 19 16 47 75 52 11 95 92 33 54 26 49 74 97 11 74 18 27 79 86 67 15 25 52 48 20 91 58 87 39 41 88 87 27 34 76 42 16 62 55 84 52 22 62 62 57 35 70 60 37 76 29 53 44 63 61 93 29 64 67 32 18
60 66 40 27 68 30 21 45 99 92 87 90 78 76 65 15 88 98 56 28 95 68 74 26 60 63 31 23 68 61 40 87 35 70 17 59 68 93 53 50 50 87 55 30 26 49 97 18 65 39 26 26 54 99 85 83 94 71 15 56 50 69 99 36 69 88 97 14 79 84 82 96 70 43 43 88 31 52 67 70 79 22 30 46 17 33 15 40 56 69 62 23 15 48 12 94 65 34 72 20
38 87 66 61 55 27 90 52 68 61 18 77 75 13 69 91 34 60 71 35 61 95 66 74 35 21 29 20 64 60 46 68 72 73 81 59 88 38 20 80 95 93 44 68 77 22 23 24 75 60 55 79 26 86 86 24 24 60 30 46 30 77 73 41 84 80 70 84 57 44 48 62 94 45 63 87 10 88 43 29 77 47 69 31 24 34 98 49 62 50 89 50 42 34 71 70 80 81 98 48
76 46 43 79 88 43 62 89 83 59 66 47 89 88 61 94 12 20 97 39 25 67 49 56 86 51 68 85 74 79 57 47 65 84 97 90 97 70 15 86 33 48 26 12 57 24 95 35 73 11 11 33 33 69 12 39 11 81 75 62 42 71 68 10 66 45 38 80 87 49 99 25 13 70 55 91 28 45 69 97 55 31 79 88 20 68 60 66 14 55 31 46 36 62 52 69 66 46 77 89
43 24 92 28 60 35 26 24 57 12 49 17 14 11 89 98 47 97 47 72 15 14 67 95 26 67 10 88 72 77 50 49 71 77 62 20 83 88 43 72 97 43 72 85 49 63 14 96 52 23 89 87 11 88 43 37 10 21 72 28 67 46 32 26 71 10 74 67 47 80 55 78 13 86 94 98 75 61 16 42 20 42 36 50 78 80 25 38 98 45 44 99 84 47 27 53 57 17 80 47
53 79 41 16 40 99 42 55 24 39 66 42 69 32 66 48 13 30 93 86 98 38 95 45 14 18 30 24 41 90 39 87 87 23 83 17 40 99 90 16 88 71 32 82 83 21 42 12 84 64 27 93 17 88 18 84 69 24 92 59 21 57 94 54 52 98 59 72 53 92 87 58 13 64 76 86 83 14 87 49 33 59 45 12 79 27 40 71 45 43 50 81 51 67 41 37 21 96 28 31
95 95 55 48 15 88 92 76 13 54 23 64 37 79 35 92 28 96 74 46 54 17 55 97 36 17 82 39 27 54 65 64 13 32 56 32 91 22 86 41 86 72 17 93 88 73 15 23 56 67 67 36 70 96 13 60 73 46 39 45 93 83 34 55 24 50 65 83 85 98 11 48 80 19 89 61 92 11 46 69 22 87 13 81 26 44 27 17 17 41 49 32 48 51 48 97 78 41 90 98
70 24 13 96 10 40 21 42 93 16 95 96 15 48 20 77 31 32 91 44 32 39 81 32 73 60 57 32 83 52 70 37 29 75 12 83 29 55 56 82 99 91 98 17 58 71 91 27 23 88 91 76 98 87 49 12 58 51 89 19 69 51 26 73 54 30 50 69 23 65 67 34 60 57 25 26 96 12 77 33 25 84 31 68 12 25 79 38 53 19 77 10 43 95 35 19 21 36 92 71
35 66 58 42 66 21 95 31 52 52 39 60 46 81 84 14 70 67 84 37 85 61 20 49 50 86 93 47 58 44 12 13 23 71 68 25 54 45 41 97 66 67 58 48 56 22 53 89 81 93 85 62 82 16 80 50 60 36 10 33 74 65 98 25 83 28 66 33 17 71 26 80 31 82 46 72 75 44 70 43 15 55 78 58 19 40 63 98 47 34 32 54 77 52 64 95 45 76 63 90
61 81 73 44 17 28 16 39 35 93 60 75 17 88 32 14 20 56 54 19 29 59 81 26 66 27 57 16 72 40 39 49 88 31 13 23 43 30 68 75 67 19 26 47 37 67 85 86 77 16 78 37 79 36 72 37 46 44 87 40 91 59 28 44 95 89 87 12 59 41 14 66 64 98 53 71 71 76 16 48 39 96 30 60 69 54 82 74 67 87 16 24 69 59 19 73 24 44 77 89
53 46 95 59 82 82 18 51 93 59 78 43 24 75 86 85 78 39 12 10 97 35 76 75 34 14 15 33 52 26 13 94 12 25 33 22 88 33 44 22 85 35 12 89 30 13 31 88 89 41 53 26 69 27 31 47 40 43 11 31 85 69 19 34 14 11 64 81 58 81 43 68 93 49 23 84 96 96 96 39 31 50 48 67 10 55 12 36 23 18 60 60 68 23 64 58 43 87 37 19
73 37 58 59 31 59 38 31 82 90 69 66 94 16 74 27 12 95 37 59 51 43 86 78 19 24 22 73 87 55 27 70 74 87 36 62 50 75 38 29 15 67 21 92 14 62 90 49 79 38 63 19 37 97 52 32 33 27 86 63 82 36 94 49 89 19 21 84 21 92 67 19 77 73 39 44 19 80 31 89 97 82 54 10 79 38 56 76 47 59 40 94 63 44 24 13 21 97 53 80
80 60 12 17 13 15 93 68 41 34 71 96 36 80 94 94 30 26 97 74 19 32 17 74 19 15 28 93 66 54 11 36 81 97 52 62 80 15 87 95 81 71 30 84 96 59 88 73 13 90 32 41 79 90 90 29 83 40 36 30 44 13 41 97 31 10 18 57 91 55 54 66 78 33 43 50 24 44 14 97 45 25 16 83 79 11 13 74 15 15 17 61 26 25 20 68 98 22 45 13
91 11 86 84 92 70 38 36 69 88 99 13 65 91 65 57 89 55 53 53 51 25 49 99 96 44 87 74 31 23 40 91 54 35 15 19 22 25 78 21 45 85 63 43 89 80 79 54 71 79 20 65 57 99 61 32 93 22 73 58 47 22 83 66 77 25 86 71 13 12 67 98 19 32 43 77 60 47 30 64 41 87 73 46 65 83 22 95 62 94 35 48 62 76 92 65 33 80 79 23
94 28 61 55 89 98 58 63 51 55 19 17 59 40 95 65 46 16 90 91 54 36 29 39 18 91 54 82 43 92 40 12 19 32 69 16 91 20 69 73 22 11 99 58 58 12 21 69 92 69 67 38 34 47 65 89 12 11 57 50 41 98 41 42 80 55 47 87 52 68 12 43 34 98 85 76 19 92 63 21 77 42 52 48 37 17 88 52 58 51 20 26 36 36 33 22 78 12 70 54
93 88 74 65 46 60 67 20 27 25 88 77 14 72 56 70 25 51 68 55 68 62 74 80 83 91 18 29 80 93 73 87 89 51 77 85 85 52 22 43 45 38 19 95 19 54 62 33 79 66 77 89 69 12 39 12 68 41 48 65 34 73 95 63 36 65 49 95 71 96 81 20 76 65 47 57 36 73 96 73 22 69 39 87 75 28 77 42 88 68 63 86 59 76 59 94 20 79 72 23
79 75 92 81 51 37 48 15 94 94 51 86 32 86 33 52 88 56 24 22 43 37 91 58 34 17 19 33 26 53 66 93 42 90 53 17 17 26 22 92 92 92 31 98 87 16 28 26 66 17 21 33 56 33 63 67 28 26 60 83 57 28 20 55 69 48 96 49 67 92 58 83 45 35 25 58 69 90 23 33 78 89 51 35 14 77 29 80 24 47 66 15 72 97 29 32 88 43 91 93
45 52 43 88 53 88 52 63 59 44 59 61 94 11 57 42 68 17 95 95 41 81 20 62 36 73 24 56 42 84 33 83 78 20 23 97 98 54 71 65 96 89 62 51 61 90 50 34 15 42 38 53 47 39 80 38 91 68 44 37 26 23 71 18 48 17 72 41 49 32 97 44 63 29 73 55 21 22 35 16 61 18 10 63 77 83 35 53 94 67 41 72 18 72 13 77 50 33 83 27
38 97 37 39 90 77 51 88 59 30 56 30 88 49 66 77 11 55 62 70 12 77 81 76 78 19 37 38 61 60 50 89 39 61 42 48 74 26 95 61 31 98 98 84 54 44 50 43 93 69 89 76 84 37 54 69 32 17 44 85 92 38 24 41 29 88 24 96 49 94 35 38 66 47 34 85 71 70 31 30 25 57 15 75 88 80 18 82 19 44 60 82 34 33 61 61 15 14 53 11
53 87 80 26 73 33 64 28 25 41 47 63 91 36 16 79 33 71 99 12 66 44 89 78 59 20 71 45 71 46 86 29 24 60 88 67 75 62 67 92 23 59 38 15 13 41 29 20 29 72 64 36 52 23 45 98 77 79 98 16 64 16 35 82 90 89 79 26 34 74 52 28 71 42 85 15 26 40 26 49 85 59 54 21 42 57 44 34 20 42 14 39 86 65 47 17 56 23 86 35
24 61 31 52 69 69 90 36 13 29 35 88 78 59 24 30 22 12 37 77 21 58 20 65 18 39 41 59 41 21 49 48 77 47 84 84 58 87 97 84 43 59 83 60 17 37 88 81 78 70 51 79 51 55 34 52 72 86 76 50 17 35 86 93 94 47 70 97 56 62 39 46 91 65 91 78 22 14 55 19 21 55 52 40 77 28 36 40 61 44 40 45 36 52 81 25 37 67 50 91
82 17 67 31 56 42 22 72 72 23 81 73 96 60 82 75 87 93 11 26 80 83 10 24 65 43 71 61 78 46 62 39 44 21 27 74 38 44 66 43 59 28 29 83 97 27 59 67 56 40 18 20 48 14 93 96 64 33 20 33 24 18 57 68 27 97 69 39 67 99 75 64 62 58 78 93 32 28 39 24 81 90 29 42 64 67 74 76 45 65 58 30 21 72 89 12 74 26 32 17
39 80 69 48 54 73 10 92 43 90 76 56 91 66 74 62 50 91 97 41 83 68 45 48 77 43 96 13 71 47 56 13 76 57 42 57 37 82 65 58 93 32 86 37 13 21 42 71 46 37 75 19 54 47 45 69 72 31 74 68 20 20 94 88 68 16 94 44 64 95 17 13 72 69 50 24 29 16 75 84 29 61 44 28 90 57 94 74 30 57 46 44 96 50 76 73 55 82 47 64
13 26 15 96 45 38 89 39 63 45 73 74 85 38 32 49 99 21 81 65 96 72 38 42 61 97 83 31 42 95 86 79 83 86 10 55 68 81 39 38 85 34 16 97 62 91 44 65 25 42 96 62 83 96 19 38 36 76 66 26 47 27 88 76 26 89 82 87 70 51 25 65 33 61 47 17 22 30 32 62 18 59 82 34 97 18 58 60 23 29 12 40 36 31 95 88 23 22 71 88
84 84 33 73 89 37 17 16 23 65 91 55 64 33 72 98 17 56 59 54 12 88 32 24 89 51 74 62 14 57 85 58 16 53 11 79 69 53 34 39 61 86 65 95 91 41 49 41 77 92 46 44 34 43 95 31 89 53 19 48 73 60 55 95 67 36 84 88 99 76 72 89 79 56 48 10 58 48 84 44 53 86 37 34 61 48 78 60 66 94 53 43 98 47 41 55 87 75 78 62
33 30 12 61 15 86 46 94 91 65 44 33 83 43 40 58 86 35 48 22 25 14 27 76 79 45 99 29 74 79 98 40 62 26 61 54 96 64 72 88 25 71 26 82 98 71 31 25 86 39 51 41 76 90 84 59 28 50 11 80 21 58 91 23 26 86 32 47 71 86 67 31 32 88 70 13 82 94 55 38 57 76 13 61 54 14 20 67 64 52 76 90 13 52 54 37 11 81 90 63
86 47 83 33 53 81 56 25 79 86 35 95 76 21 91 70 10 31 14 66 62 28 70 76 95 23 11 96 32 23 68 45 60 26 89 19 21 80 13 75 38 79 74 17 85 45 80 48 73 74 91 96 28 17 39 48 44 19 83 70 74 67 12 62 96 54 46 91 51 70 94 39 27 28 84 84 41 16 55 32 32 58 71 14 97 41 27 50 59 16 92 30 48 86 94 45 51 59 35 58
64 64 52 35 65 94 75 26 16 30 95 16 20 45 96 35 80 90 60 44 56 92 23 92 22 57 46 79 50 15 27 82 63 49 25 55 92 17 13 88 46 74 33 59 17 41 97 87 84 44 29 60 28 98 95 54 78 50 49 93 46 16 15 26 61 40 87 54 64 60 51 85 98 74 34 31 59 44 41 50 24 57 15 32 19 38 25 61 93 44 67 92 10 19 83 24 44 94 25 49
82 29 78 77 92 36 67 43 94 48 29 42 13 11 10 22 96 43 43 34 39 39 77 23 75 23 40 56 37 78 28 50 44 63 64 51 56 67 48 44 68 54 50 66 94 41 86 31 30 76 36 69 67 10 44 84 81 76 31 52 20 95 75 53 38 74 36 44 35 10 89 73 49 52 56 15 81 65 46 86 18 60 42 78 96 11 13 41 67 64 51 19 51 28 17 37 28 77 48 18
11 78 83 82 74 29 48 76 89 33 29 35 95 22 65 97 16 60 72 72 64 42 90 20 20 55 87 91 35 22 95 87 97 40 50 53 79 37 97 23 33 94 81 22 73 43 49 53 88 85 59 65 71 95 69 85 92 97 38 12 35 68 30 23 69 29 58 73 57 26 31 59 72 56 91 39 15 26 67 73 97 12 34 41 77 15 51 16 33 75 77 91 62 58 16 28 80 25 29 21
17 61 91 62 31 82 94 57 35 47 78 54 17 97 72 19 80 74 75 71 32 95 35 17 82 53 80 17 79 13 30 33 33 96 57 33 97 44 60 81 18 35 76 45 33 25 31 35 14 83 16 27 94 57 14 16 66 89 59 76 65 36 64 96 65 89 54 42 11 32 62 42 46 40 74 82 43 35 73 91 49 27 78 40 75 88 85 48 40 95 86 84 43 63 62 64 46 32 47 19
90 60 75 71 62 62 74 92 39 73 50 12 92 61 32 74 58 67 88 18 98 53 68 92 17 43 63 45 21 90 94 57 79 41 11 78 73 58 61 82 24 21 86 98 66 51 54 61 67 22 35 47 62 31 42 95 29 93 23 34 76 10 52 71 12 67 46 96 32 93 97 78 95 94 55 35 49 82 81 83 72 40 29 66 25 51 12 60 83 75 37 17 60 23 35 69 28 52 39 54
25 30 68 73 29 50 95 59 15 93 79 67 98 94 66 43 52 38 90 51 67 96 55 59 24 54 93 11 37 55 72 67 95 14 12 26 65 28 22 98 80 22 44 36 86 59 54 50 23 43 49 90 79 64 76 82 64 43 26 22 11 76 80 49 52 30 82 43 77 48 71 36 38 36 52 70 91 55 71 86 87 63 61 53 25 17 80 39 81 83 90 67 44 53 96 15 86 88 79 46
16 18 90 55 52 32 66 18 36 38 92 75 75 87 53 51 55 49 62 20 32 18 56 39 96 70 51 23 58 87 61 46 92 84 52 52 14 16 59 46 19 97 82 76 58 74 67 13 89 22 58 12 75 92 68 48 17 43 95 51 90 88 12 61 79 91 19 35 89 94 27 57 72 41 17 66 94 13 44 27 80 80 75 49 83 32 17 27 42 19 52 37 83 11 37 79 21 43 17 54
60 25 46 37 28 53 51 72 32 98 73 29 63 57 13 47 24 63 72 48 50 61 74 86 39 81 10 63 87 22 77 49 28 90 19 73 29 48 76 22 61 96 96 75 95 99 60 44 46 11 23 15 74 68 52 87 34 84 22 26 74 81 71 64 11 43 33 99 49 87 76 36 49 87 80 52 20 33 50 38 35 70 51 73 10 69 34 86 36 60 39 44 82 22 34 36 23 27 22 62
22 10 20 96 62 88 63 14 83 58 89 16 61 36 36 86 48 57 32 19 75 72 81 95 17 56 35 38 87 27 23 75 25 60 58 42 90 90 94 97 64 71 22 92 64 61 34 35 93 45 16 51 48 91 82 47 39 79 97 47 79 83 33 41 97 31 56 74 12 15 54 70 36 33 80 17 61 33 33 85 14 67 81 82 17 45 78 99 33 65 42 39 41 91 77 90 15 56 48 41
42 98 53 58 97 72 31 87 14 29 68 10 93 40 71 39 14 88 12 36 62 70 82 54 71 26 69 50 32 26 73 74 41 40 34 29 47 20 68 72 88 97 51 17 66 81 11 38 43 76 23 22 93 40 57 65 14 37 15 82 42 53 82 86 45 23 59 81 75 55 50 38 59 14 77 97 41 87 49 21 88 88 96 15 21 48 33 74 77 24 99 38 32 87 21 31 50 82 31 15
16 21 43 18 55 98 23 47 58 36 49 37 62 27 51 99 55 44 16 24 15 73 85 35 42 14 27 91 18 89 25 79 37 51 47 58 50 72 56 11 81 27 64 62 27 61 53 95 76 62 10 52 18 99 94 99 26 19 66 13 83 42 44 94 26 20 59 20 15 70 84 90 37 26 76 19 41 25 48 32 40 71 34 24 96 19 18 72 28 32 12 49 57 18 79 44 66 36 56 12
42 46 61 11 16 44 52 65 35 65 57 19 50 95 29 95 57 49 69 83 67 69 59 93 77 14 96 95 38 69 48 13 11 53 94 19 89 10 30 80 46 58 61 31 85 73 30 25 70 92 69 25 72 87 23 52 86 50 35 40 28 15 53 70 97 25 98 15 87 74 19 82 71 79 52 47 16 59 75 12 70 73 51 98 36 72 86 85 71 13 90 39 22 89 67 83 44 39 25 48
83 95 98 10 30 13 82 93 33 35 43 16 67 52 45 62 44 24 62 47 59 35 27 85 35 76 79 52 78 90 52 81 72 16 59 37 42 80 72 57 83 32 46 53 19 62 30 60 31 31 14 95 18 47 16 43 63 28 13 40 19 96 90 92 72 49 60 24 83 33 24 14 93 48 29 80 89 17 35 94 32 75 54 71 24 47 91 66 24 24 62 80 19 19 37 11 69 39 26 29
72 33 43 89 24 31 58 94 80 57 82 71 67 45 40 37 49 68 26 59 87 26 95 93 11 24 63 80 16 45 11 79 79 71 12 67 52 54 40 67 32 38 17 85 63 90 94 28 14 67 94 33 95 28 62 67 41 62 61 84 17 66 68 60 45 99 34 93 36 20 26 18 59 23 69 94 47 38 24 73 15 27 77 57 35 54 17 67 42 27 60 98 65 38 95 84 91 80 29 43
94 93 42 83 45 70 48 82 39 96 59 44 12 57 90 75 56 34 66 43 22 65 79 79 80 33 50 54 91 80 29 80 60 86 88 75 35 69 60 69 59 73 23 28 61 12 50 38 33 43 75 56 27 34 23 32 29 53 41 21 74 89 95 46 34 94 64 17 25 21 16 82 59 64 29 38 19 23 50 10 57 34 48 37 68 57 44 73 46 11 40 90 98 14 65 11 81 16 19 56
72 66 31 78 44 85 71 55 96 89 90 85 85 56 23 95 32 57 21 50 68 90 32 35 36 91 32 82 74 71 89 34 31 71 79 32 88 72 83 28 34 78 48 60 72 73 17 37 53 30 39 83 13 17 11 35 47 43 87 78 51 30 30 98 67 98 92 38 67 83 58 37 43 92 37 30 70 83 16 74 11 67 25 87 54 35 40 63 77 39 37 78 18 71 55 81 91 14 18 67
98 10 52 16 28 75 57 15 23 17 42 65 78 80 58 85 85 73 53 91 71 56 15 17 20 72 40 83 72 63 70 78 24 23 14 29 27 25 35 61 31 57 31 10 62 46 43 94 74 77 65 67 30 51 32 73 74 30 67 47 51 80 44 86 38 33 78 86 83 63 40 32 88 49 21 54 62 67 11 52 93 38 32 96 31 50 23 26 83 33 65 60 24 97 49 94 98 96 72 98
30 14 62 90 77 31 74 40 49 44 47 25 30 60 94 88 24 76 62 37 42 15 47 76 37 45 80 76 91 73 17 61 81 97 82 59 43 19 33 68 80 81 51 20 43 84 26 16 45 25 26 20 44 28 36 75 27 98 93 29 44 80 18 36 30 84 22 38 56 62 11 36 75 68 46 39 28 62 41 85 51 68 83 53 11 25 42 12 77 53 35 93 93 78 55 80 84 53 31 15
74 74 44 77 75 51 35 46 85 17 22 89 11 92 71 85 11 45 19 63 13 94 12 64 47 36 65 20 90 62 55 80 75 79 37 19 78 22 33 30 72 58 50 69 11 26 67 83 34 62 74 36 33 69 63 72 61 58 12 85 30 83 82 45 48 60 80 82 49 36 93 14 90 96 96 21 12 94 87 54 82 24 18 90 68 82 27 26 45 13 58 80 21 82 86 29 44 50 38 95
